type	latitude	longitude	altitude (m)	name	desc
W	44.123448600	5.180476400	307.8	44.1234486,5.1804764	233 Avenue Barral des Beaux, 84410 Bédoin, Frankrijk
W	44.174336200	5.279575300	1889.9	44.1743362,5.2795753	D974, 84390 Bédoin, Frankrijk

type	latitude	longitude	altitude (m)	name	desc
T	44.123410000	5.180560000	307.1	233 Avenue Barral des Beaux - D974	22.0 km, 0:59
T	44.123390000	5.180540000	306.8		
T	44.123270000	5.180450000	305.4		
T	44.123190000	5.180380000	304.8		
T	44.123190000	5.180380000	304.8		
T	44.123180000	5.180620000	304.3		
T	44.123180000	5.180650000	304.3		
T	44.123220000	5.181190000	305.2		
T	44.123240000	5.181510000	305.8		
T	44.123250000	5.181660000	306.4		
T	44.123240000	5.181830000	306.9		
T	44.123230000	5.181980000	307.3		
T	44.123190000	5.182130000	307.0		
T	44.123050000	5.182500000	307.0		
T	44.122960000	5.182710000	306.6		
T	44.122740000	5.183090000	306.0		
T	44.122430000	5.183610000	307.8		
T	44.122040000	5.184250000	312.7		
T	44.121900000	5.184490000	313.6		
T	44.121810000	5.184640000	313.8		
T	44.121740000	5.184740000	313.8		
T	44.121670000	5.184820000	314.3		
T	44.121590000	5.184890000	315.5		
T	44.121460000	5.184980000	317.0		
T	44.121100000	5.185190000	319.8		
T	44.120800000	5.185360000	321.8		
T	44.120680000	5.185430000	321.7		
T	44.120580000	5.185490000	321.7		
T	44.120470000	5.185560000	321.6		
T	44.120320000	5.185710000	320.9		
T	44.120100000	5.186000000	320.7		
T	44.120010000	5.186130000	320.8		
T	44.119970000	5.186200000	321.3		
T	44.119930000	5.186270000	321.8		
T	44.119800000	5.186480000	323.5		
T	44.119760000	5.186560000	323.5		
T	44.119670000	5.186710000	323.8		
T	44.119590000	5.186860000	324.5		
T	44.119550000	5.186940000	324.8		
T	44.119510000	5.187020000	325.1		
T	44.119300000	5.187380000	327.7		
T	44.119250000	5.187470000	328.0		
T	44.119030000	5.187840000	328.9		
T	44.118990000	5.187900000	328.8		
T	44.118850000	5.188090000	327.4		
T	44.118780000	5.188160000	327.8		
T	44.118730000	5.188220000	327.6		
T	44.118670000	5.188270000	327.6		
T	44.118610000	5.188320000	327.3		
T	44.118550000	5.188360000	328.2		
T	44.118490000	5.188400000	329.2		
T	44.118420000	5.188440000	330.4		
T	44.118110000	5.188620000	332.3		
T	44.117870000	5.188820000	330.5		
T	44.117820000	5.188880000	329.9		
T	44.117760000	5.188940000	329.2		
T	44.117710000	5.189010000	328.0		
T	44.117660000	5.189080000	327.0		
T	44.117620000	5.189160000	326.1		
T	44.117580000	5.189250000	326.0		
T	44.117550000	5.189330000	326.0		
T	44.117510000	5.189430000	326.0		
T	44.117390000	5.189830000	326.8		
T	44.117360000	5.189940000	326.9		
T	44.117230000	5.190350000	327.0		
T	44.117050000	5.190960000	325.4		
T	44.116910000	5.191450000	326.2		
T	44.116790000	5.191880000	327.8		
T	44.116730000	5.192000000	328.2		
T	44.116690000	5.192090000	328.5		
T	44.116650000	5.192160000	328.8		
T	44.116610000	5.192230000	329.0		
T	44.116170000	5.192950000	331.0		
T	44.115840000	5.193500000	332.6		
T	44.115650000	5.193820000	333.9		
T	44.115620000	5.193870000	334.0		
T	44.115580000	5.193940000	334.2		
T	44.115270000	5.194370000	335.9		
T	44.115210000	5.194460000	335.5		
T	44.114990000	5.194750000	335.2		
T	44.114850000	5.194930000	336.6		
T	44.114810000	5.194970000	336.9		
T	44.114610000	5.195250000	338.3		
T	44.114570000	5.195330000	338.7		
T	44.114530000	5.195380000	339.1		
T	44.114510000	5.195400000	339.2		
T	44.114370000	5.195740000	340.5		
T	44.114340000	5.195810000	340.6		
T	44.114260000	5.196080000	340.9		
T	44.113930000	5.197390000	344.9		
T	44.113920000	5.197440000	345.0		
T	44.113910000	5.197470000	345.0		
T	44.113850000	5.197760000	346.2		
T	44.113810000	5.197950000	346.6		
T	44.113760000	5.198090000	346.9		
T	44.113730000	5.198190000	347.1		
T	44.113690000	5.198280000	347.4		
T	44.113650000	5.198380000	347.6		
T	44.113610000	5.198470000	347.5		
T	44.113560000	5.198560000	347.4		
T	44.113520000	5.198650000	347.2		
T	44.113340000	5.199010000	346.6		
T	44.113290000	5.199090000	346.2		
T	44.113140000	5.199330000	346.6		
T	44.112970000	5.199540000	347.3		
T	44.112780000	5.199710000	348.0		
T	44.112570000	5.199870000	348.5		
T	44.112370000	5.200020000	349.6		
T	44.112300000	5.200070000	350.2		
T	44.111390000	5.200780000	360.2		
T	44.111340000	5.200820000	361.3		
T	44.111290000	5.200870000	362.5		
T	44.111250000	5.200930000	363.5		
T	44.111210000	5.200990000	364.3		
T	44.111180000	5.201060000	364.9		
T	44.111090000	5.201270000	364.7		
T	44.111060000	5.201350000	364.3		
T	44.111050000	5.201390000	364.1		
T	44.111010000	5.201510000	362.9		
T	44.110910000	5.201830000	360.0		
T	44.110770000	5.202270000	356.9		
T	44.110680000	5.202550000	354.7		
T	44.110460000	5.203210000	353.4		
T	44.110360000	5.203480000	354.0		
T	44.110160000	5.203930000	353.2		
T	44.109930000	5.204450000	355.0		
T	44.109890000	5.204540000	355.6		
T	44.109850000	5.204640000	356.0		
T	44.109850000	5.204650000	356.1		
T	44.109820000	5.204730000	356.4		
T	44.109720000	5.205110000	357.4		
T	44.109700000	5.205200000	357.5		
T	44.109690000	5.205300000	357.7		
T	44.109670000	5.205510000	358.3		
T	44.109660000	5.205610000	358.2		
T	44.109650000	5.205930000	357.5		
T	44.109650000	5.206040000	357.2		
T	44.109650000	5.206290000	357.2		
T	44.109650000	5.206450000	357.4		
T	44.109640000	5.206560000	357.7		
T	44.109630000	5.206670000	358.0		
T	44.109620000	5.206780000	358.8		
T	44.109610000	5.206820000	359.1		
T	44.109610000	5.206860000	359.3		
T	44.109520000	5.207200000	362.3		
T	44.109420000	5.207490000	364.9		
T	44.109400000	5.207550000	365.3		
T	44.109370000	5.207640000	365.9		
T	44.109110000	5.208270000	366.4		
T	44.108990000	5.208560000	366.2		
T	44.108960000	5.208620000	366.3		
T	44.108940000	5.208680000	366.2		
T	44.108900000	5.208770000	366.0		
T	44.108860000	5.208860000	365.9		
T	44.108810000	5.208950000	365.7		
T	44.108770000	5.209030000	365.6		
T	44.108720000	5.209110000	365.4		
T	44.108670000	5.209190000	365.2		
T	44.108580000	5.209320000	364.9		
T	44.108550000	5.209360000	364.9		
T	44.108420000	5.209510000	365.0		
T	44.108370000	5.209580000	365.0		
T	44.108310000	5.209660000	365.0		
T	44.108130000	5.209870000	365.5		
T	44.108070000	5.209930000	365.7		
T	44.107920000	5.210090000	366.3		
T	44.107750000	5.210290000	366.8		
T	44.107520000	5.210550000	366.1		
T	44.107460000	5.210620000	366.1		
T	44.107400000	5.210680000	366.1		
T	44.107310000	5.210800000	366.2		
T	44.107280000	5.210830000	366.2		
T	44.107020000	5.211120000	366.3		
T	44.106900000	5.211230000	366.9		
T	44.106710000	5.211370000	367.9		
T	44.106530000	5.211520000	368.5		
T	44.106490000	5.211550000	368.6		
T	44.106420000	5.211600000	368.8		
T	44.106340000	5.211680000	369.0		
T	44.106270000	5.211740000	369.2		
T	44.106100000	5.211950000	369.0		
T	44.106050000	5.212030000	368.7		
T	44.105990000	5.212120000	368.3		
T	44.105680000	5.212660000	370.4		
T	44.105600000	5.212820000	371.5		
T	44.104990000	5.213900000	378.0		
T	44.104950000	5.213980000	378.3		
T	44.104900000	5.214050000	378.4		
T	44.104500000	5.214790000	380.9		
T	44.104450000	5.214860000	381.0		
T	44.104430000	5.214900000	381.0		
T	44.104410000	5.214920000	381.1		
T	44.104390000	5.214960000	381.2		
T	44.104320000	5.215070000	382.0		
T	44.104130000	5.215350000	384.3		
T	44.104030000	5.215480000	385.1		
T	44.103890000	5.215680000	386.4		
T	44.103810000	5.215830000	387.0		
T	44.103800000	5.215850000	387.1		
T	44.103720000	5.216000000	387.6		
T	44.103650000	5.216180000	388.0		
T	44.103610000	5.216270000	388.0		
T	44.103590000	5.216360000	387.8		
T	44.103530000	5.216550000	386.8		
T	44.103500000	5.216650000	386.3		
T	44.103440000	5.216840000	386.4		
T	44.103390000	5.217040000	386.7		
T	44.103350000	5.217250000	387.2		
T	44.103300000	5.217460000	388.6		
T	44.103250000	5.217670000	389.5		
T	44.103210000	5.217880000	390.4		
T	44.103170000	5.218090000	391.0		
T	44.103060000	5.218640000	391.1		
T	44.103000000	5.218960000	392.1		
T	44.102950000	5.219410000	394.4		
T	44.102940000	5.219840000	396.0		
T	44.102950000	5.220070000	396.8		
T	44.102960000	5.220280000	397.3		
T	44.102970000	5.220480000	398.1		
T	44.102980000	5.220680000	398.9		
T	44.102990000	5.220820000	399.5		
T	44.102990000	5.220820000	399.5		
T	44.103060000	5.220940000	400.4		
T	44.103090000	5.221000000	400.7		
T	44.103350000	5.221970000	402.2		
T	44.103430000	5.222230000	404.0		
T	44.103600000	5.222750000	406.9		
T	44.103750000	5.223250000	409.2		
T	44.103820000	5.223460000	410.7		
T	44.104070000	5.224180000	414.0		
T	44.104100000	5.224270000	414.0		
T	44.104130000	5.224350000	414.0		
T	44.104200000	5.224630000	414.8		
T	44.104260000	5.224920000	416.0		
T	44.104330000	5.225230000	417.4		
T	44.104370000	5.225340000	418.0		
T	44.104500000	5.225610000	419.6		
T	44.104790000	5.225980000	424.0		
T	44.104790000	5.225980000	424.0		
T	44.104640000	5.226340000	424.2		
T	44.104620000	5.226400000	424.3		
T	44.104570000	5.226500000	424.3		
T	44.104570000	5.226500000	424.3		
T	44.104770000	5.227030000	427.2		
T	44.104880000	5.227390000	428.7		
T	44.105150000	5.228270000	435.8		
T	44.105260000	5.228600000	437.0		
T	44.105370000	5.228900000	438.7		
T	44.105490000	5.229170000	440.5		
T	44.105560000	5.229270000	441.4		
T	44.105640000	5.229360000	442.8		
T	44.105890000	5.229570000	447.3		
T	44.105970000	5.229650000	448.5		
T	44.106030000	5.229710000	449.3		
T	44.106080000	5.229790000	450.2		
T	44.106120000	5.229880000	451.1		
T	44.106240000	5.230140000	452.5		
T	44.106350000	5.230350000	454.0		
T	44.106410000	5.230450000	454.5		
T	44.106470000	5.230510000	454.5		
T	44.106510000	5.230540000	454.5		
T	44.107440000	5.231430000	461.9		
T	44.107460000	5.231450000	462.2		
T	44.107470000	5.231460000	462.3		
T	44.107580000	5.231560000	463.9		
T	44.107760000	5.231620000	465.7		
T	44.107760000	5.231620000	465.7		
T	44.107810000	5.231490000	465.6		
T	44.107860000	5.231280000	464.9		
T	44.107900000	5.231170000	464.7		
T	44.107900000	5.231170000	464.7		
T	44.108020000	5.231220000	466.1		
T	44.108140000	5.231270000	466.9		
T	44.108140000	5.231270000	466.9		
T	44.108100000	5.231510000	467.6		
T	44.108100000	5.231590000	467.9		
T	44.108110000	5.231650000	468.1		
T	44.108110000	5.231660000	468.2		
T	44.108110000	5.231660000	468.2		
T	44.108140000	5.231700000	468.5		
T	44.108220000	5.231840000	469.5		
T	44.108500000	5.232320000	472.0		
T	44.108880000	5.233110000	476.5		
T	44.108950000	5.233220000	478.2		
T	44.109080000	5.233360000	480.6		
T	44.109120000	5.233430000	481.4		
T	44.109140000	5.233480000	481.9		
T	44.109160000	5.233550000	482.5		
T	44.109550000	5.235280000	493.8		
T	44.109800000	5.235400000	496.6		
T	44.110720000	5.236180000	508.4		
T	44.110910000	5.236390000	510.7		
T	44.111060000	5.236580000	512.2		
T	44.111240000	5.236820000	514.4		
T	44.111330000	5.236960000	515.4		
T	44.111350000	5.236990000	515.8		
T	44.111630000	5.237420000	520.8		
T	44.111800000	5.237680000	523.5		
T	44.111980000	5.237950000	525.0		
T	44.112870000	5.239320000	538.0		
T	44.113200000	5.239820000	542.6		
T	44.113230000	5.239870000	543.3		
T	44.113230000	5.239870000	543.3		
T	44.113330000	5.239820000	542.1		
T	44.113400000	5.239800000	541.9		
T	44.113490000	5.239800000	542.2		
T	44.113490000	5.239800000	542.2		
T	44.113500000	5.239840000	543.1		
T	44.113500000	5.239860000	543.6		
T	44.113510000	5.239870000	543.8		
T	44.113530000	5.239900000	544.5		
T	44.113550000	5.239920000	545.1		
T	44.113580000	5.239940000	545.6		
T	44.113610000	5.239960000	546.1		
T	44.113710000	5.240000000	546.3		
T	44.113780000	5.240040000	546.3		
T	44.113830000	5.240070000	546.4		
T	44.113870000	5.240090000	546.4		
T	44.113950000	5.240140000	546.5		
T	44.114000000	5.240180000	546.7		
T	44.114040000	5.240220000	547.0		
T	44.114080000	5.240260000	547.3		
T	44.114110000	5.240300000	547.9		
T	44.114150000	5.240360000	548.9		
T	44.114210000	5.240430000	549.9		
T	44.114350000	5.240620000	552.5		
T	44.114590000	5.240960000	556.9		
T	44.114720000	5.241140000	558.7		
T	44.114870000	5.241370000	562.5		
T	44.114920000	5.241440000	563.8		
T	44.114970000	5.241490000	564.5		
T	44.115010000	5.241540000	565.2		
T	44.115060000	5.241580000	565.5		
T	44.115110000	5.241630000	566.0		
T	44.115150000	5.241670000	566.5		
T	44.115200000	5.241710000	567.0		
T	44.115260000	5.241750000	567.6		
T	44.115410000	5.241860000	568.7		
T	44.115510000	5.241940000	569.5		
T	44.115600000	5.242000000	569.3		
T	44.115660000	5.242040000	568.9		
T	44.115720000	5.242090000	568.9		
T	44.115770000	5.242130000	568.9		
T	44.115820000	5.242170000	568.9		
T	44.115860000	5.242220000	569.7		
T	44.115910000	5.242260000	570.0		
T	44.115950000	5.242300000	570.3		
T	44.115980000	5.242350000	570.9		
T	44.116020000	5.242390000	571.2		
T	44.116050000	5.242440000	571.8		
T	44.116080000	5.242480000	572.1		
T	44.116110000	5.242520000	572.3		
T	44.116130000	5.242560000	573.1		
T	44.116130000	5.242580000	573.4		
T	44.116140000	5.242610000	574.0		
T	44.116140000	5.242640000	574.4		
T	44.116140000	5.242670000	574.9		
T	44.116140000	5.242700000	575.3		
T	44.116130000	5.242730000	575.6		
T	44.116110000	5.242770000	575.9		
T	44.116090000	5.242820000	577.3		
T	44.116060000	5.242860000	578.5		
T	44.115970000	5.242980000	581.8		
T	44.115880000	5.243110000	584.3		
T	44.115830000	5.243200000	585.6		
T	44.115760000	5.243300000	586.7		
T	44.115670000	5.243460000	587.9		
T	44.115540000	5.243680000	589.6		
T	44.115500000	5.243740000	590.2		
T	44.115480000	5.243800000	590.8		
T	44.115460000	5.243870000	591.5		
T	44.115450000	5.243940000	592.2		
T	44.115440000	5.244000000	592.8		
T	44.115440000	5.244070000	593.4		
T	44.115450000	5.244140000	593.9		
T	44.115470000	5.244210000	594.5		
T	44.115490000	5.244280000	595.2		
T	44.115520000	5.244340000	595.8		
T	44.115560000	5.244400000	596.4		
T	44.115600000	5.244440000	596.8		
T	44.115640000	5.244500000	597.2		
T	44.115800000	5.244680000	597.9		
T	44.116180000	5.245100000	603.6		
T	44.116350000	5.245290000	607.1		
T	44.116510000	5.245480000	609.7		
T	44.116680000	5.245690000	612.1		
T	44.116900000	5.245950000	616.2		
T	44.117110000	5.246180000	618.6		
T	44.117330000	5.246440000	621.1		
T	44.117500000	5.246630000	623.7		
T	44.117670000	5.246820000	627.2		
T	44.117730000	5.246890000	628.2		
T	44.117790000	5.246950000	629.3		
T	44.117850000	5.247000000	630.8		
T	44.117910000	5.247060000	632.2		
T	44.117980000	5.247110000	633.2		
T	44.118040000	5.247150000	633.7		
T	44.118110000	5.247200000	634.5		
T	44.118240000	5.247280000	636.6		
T	44.118310000	5.247320000	637.5		
T	44.118380000	5.247370000	638.6		
T	44.118440000	5.247420000	639.7		
T	44.118500000	5.247480000	640.7		
T	44.118560000	5.247530000	641.7		
T	44.118610000	5.247600000	642.7		
T	44.118670000	5.247670000	643.8		
T	44.118720000	5.247730000	644.6		
T	44.118770000	5.247790000	645.3		
T	44.118820000	5.247840000	646.2		
T	44.118870000	5.247880000	647.0		
T	44.118930000	5.247910000	648.0		
T	44.119000000	5.247940000	649.1		
T	44.119060000	5.247960000	649.8		
T	44.119120000	5.247970000	650.5		
T	44.119240000	5.247990000	652.4		
T	44.119290000	5.248000000	653.3		
T	44.119350000	5.248010000	654.4		
T	44.119400000	5.248030000	655.3		
T	44.119450000	5.248050000	656.1		
T	44.119500000	5.248070000	656.7		
T	44.119550000	5.248100000	657.3		
T	44.119590000	5.248150000	657.9		
T	44.119630000	5.248190000	658.3		
T	44.119680000	5.248230000	658.7		
T	44.119720000	5.248270000	659.0		
T	44.119760000	5.248310000	659.4		
T	44.119810000	5.248360000	660.4		
T	44.119860000	5.248400000	661.5		
T	44.119910000	5.248430000	662.3		
T	44.119980000	5.248460000	663.2		
T	44.120080000	5.248510000	664.8		
T	44.120130000	5.248540000	665.5		
T	44.120180000	5.248560000	666.1		
T	44.120230000	5.248580000	666.6		
T	44.120290000	5.248590000	667.2		
T	44.120340000	5.248590000	668.1		
T	44.120390000	5.248590000	669.1		
T	44.120430000	5.248580000	669.8		
T	44.120490000	5.248560000	671.0		
T	44.120520000	5.248560000	671.5		
T	44.120540000	5.248560000	671.9		
T	44.120570000	5.248560000	672.5		
T	44.120590000	5.248580000	672.8		
T	44.120630000	5.248610000	673.6		
T	44.120670000	5.248640000	674.6		
T	44.120720000	5.248660000	675.7		
T	44.120760000	5.248680000	676.7		
T	44.120810000	5.248690000	677.8		
T	44.120860000	5.248690000	678.6		
T	44.120920000	5.248680000	679.2		
T	44.120970000	5.248680000	679.7		
T	44.121020000	5.248700000	680.3		
T	44.121070000	5.248730000	681.0		
T	44.121120000	5.248770000	681.6		
T	44.121160000	5.248820000	682.1		
T	44.121200000	5.248890000	682.3		
T	44.121230000	5.248950000	682.7		
T	44.121260000	5.249010000	682.9		
T	44.121270000	5.249070000	683.1		
T	44.121290000	5.249140000	683.3		
T	44.121310000	5.249200000	683.8		
T	44.121330000	5.249250000	684.5		
T	44.121360000	5.249290000	684.9		
T	44.121390000	5.249320000	685.2		
T	44.121410000	5.249330000	685.3		
T	44.121430000	5.249330000	685.2		
T	44.121460000	5.249330000	685.2		
T	44.121500000	5.249330000	685.0		
T	44.121540000	5.249310000	684.8		
T	44.121570000	5.249300000	684.6		
T	44.121620000	5.249270000	684.4		
T	44.121680000	5.249230000	684.4		
T	44.121790000	5.249160000	685.8		
T	44.121840000	5.249140000	686.7		
T	44.121880000	5.249120000	687.5		
T	44.121930000	5.249100000	688.5		
T	44.121970000	5.249090000	689.2		
T	44.122030000	5.249090000	690.0		
T	44.122080000	5.249100000	690.6		
T	44.122120000	5.249120000	690.9		
T	44.122160000	5.249150000	691.2		
T	44.122200000	5.249190000	691.8		
T	44.122230000	5.249230000	692.6		
T	44.122270000	5.249280000	693.6		
T	44.122310000	5.249350000	694.4		
T	44.122540000	5.249740000	699.6		
T	44.122660000	5.249920000	701.7		
T	44.122820000	5.250190000	703.7		
T	44.122970000	5.250460000	705.7		
T	44.123090000	5.250660000	706.8		
T	44.123280000	5.251000000	708.3		
T	44.123480000	5.251330000	711.3		
T	44.123580000	5.251480000	712.3		
T	44.123940000	5.252090000	717.3		
T	44.124240000	5.252590000	722.3		
T	44.124460000	5.252960000	725.9		
T	44.124580000	5.253170000	728.2		
T	44.124640000	5.253280000	728.7		
T	44.124660000	5.253350000	728.8		
T	44.124680000	5.253430000	729.0		
T	44.124700000	5.253520000	729.1		
T	44.124700000	5.253610000	729.2		
T	44.124700000	5.253710000	729.6		
T	44.124700000	5.253790000	729.9		
T	44.124700000	5.253880000	730.3		
T	44.124680000	5.254460000	735.2		
T	44.124670000	5.254720000	735.7		
T	44.124660000	5.254960000	738.2		
T	44.124660000	5.255170000	740.3		
T	44.124660000	5.255270000	741.4		
T	44.124660000	5.255360000	742.6		
T	44.124670000	5.255420000	743.1		
T	44.124680000	5.255460000	743.3		
T	44.124680000	5.255510000	744.0		
T	44.124690000	5.255560000	744.3		
T	44.124710000	5.255640000	744.4		
T	44.124750000	5.255850000	746.1		
T	44.124780000	5.256030000	746.5		
T	44.124840000	5.256250000	747.5		
T	44.124880000	5.256440000	748.4		
T	44.124910000	5.256570000	748.9		
T	44.124930000	5.256690000	749.1		
T	44.124960000	5.256820000	749.6		
T	44.125020000	5.257020000	751.3		
T	44.125100000	5.257390000	758.0		
T	44.125120000	5.257490000	760.0		
T	44.125140000	5.257560000	761.5		
T	44.125150000	5.257620000	762.6		
T	44.125150000	5.257690000	763.7		
T	44.125160000	5.257750000	764.7		
T	44.125160000	5.257820000	765.5		
T	44.125150000	5.257890000	766.1		
T	44.125140000	5.257960000	766.6		
T	44.125120000	5.258020000	767.1		
T	44.125100000	5.258090000	767.5		
T	44.125080000	5.258150000	767.6		
T	44.125050000	5.258210000	767.7		
T	44.125010000	5.258270000	767.8		
T	44.124970000	5.258330000	768.5		
T	44.124930000	5.258380000	769.4		
T	44.124890000	5.258430000	770.2		
T	44.124800000	5.258540000	771.8		
T	44.124690000	5.258690000	773.3		
T	44.124650000	5.258740000	774.0		
T	44.124570000	5.258850000	775.4		
T	44.124530000	5.258900000	776.2		
T	44.124490000	5.258960000	777.1		
T	44.124460000	5.259020000	777.7		
T	44.124430000	5.259090000	778.5		
T	44.124400000	5.259160000	779.4		
T	44.124380000	5.259240000	779.6		
T	44.124370000	5.259320000	779.4		
T	44.124360000	5.259400000	779.1		
T	44.124350000	5.259500000	778.6		
T	44.124330000	5.259750000	777.3		
T	44.124300000	5.260230000	780.1		
T	44.124300000	5.260490000	783.6		
T	44.124290000	5.260580000	785.1		
T	44.124300000	5.260660000	786.3		
T	44.124310000	5.260740000	787.4		
T	44.124330000	5.260830000	788.6		
T	44.124360000	5.260900000	788.9		
T	44.124390000	5.260990000	789.5		
T	44.124420000	5.261060000	789.8		
T	44.124490000	5.261210000	790.9		
T	44.124520000	5.261280000	791.5		
T	44.124550000	5.261360000	792.2		
T	44.124580000	5.261440000	793.1		
T	44.124590000	5.261490000	793.8		
T	44.124590000	5.261600000	795.2		
T	44.124590000	5.261690000	796.3		
T	44.124580000	5.261760000	797.0		
T	44.124560000	5.261860000	798.1		
T	44.124550000	5.261930000	798.8		
T	44.124530000	5.262020000	799.5		
T	44.124490000	5.262180000	800.7		
T	44.124440000	5.262440000	802.6		
T	44.124350000	5.262870000	807.1		
T	44.124320000	5.263020000	808.3		
T	44.124310000	5.263120000	809.0		
T	44.124290000	5.263250000	809.8		
T	44.124280000	5.263380000	810.7		
T	44.124280000	5.263520000	812.0		
T	44.124270000	5.263600000	812.6		
T	44.124260000	5.263690000	813.2		
T	44.124250000	5.263810000	814.0		
T	44.124230000	5.263900000	814.5		
T	44.124200000	5.263970000	814.8		
T	44.124180000	5.264040000	815.2		
T	44.124150000	5.264110000	815.8		
T	44.124130000	5.264180000	816.6		
T	44.124100000	5.264240000	817.2		
T	44.124070000	5.264310000	817.9		
T	44.124040000	5.264370000	818.6		
T	44.124020000	5.264440000	819.1		
T	44.123990000	5.264520000	820.4		
T	44.123970000	5.264580000	821.3		
T	44.123960000	5.264660000	822.3		
T	44.123950000	5.264740000	823.3		
T	44.123950000	5.264810000	824.1		
T	44.123960000	5.264880000	824.7		
T	44.123970000	5.264960000	825.4		
T	44.123980000	5.265020000	826.0		
T	44.124000000	5.265090000	826.6		
T	44.124020000	5.265150000	827.0		
T	44.124050000	5.265200000	827.1		
T	44.124130000	5.265420000	828.7		
T	44.124190000	5.265570000	830.0		
T	44.124240000	5.265710000	831.7		
T	44.124300000	5.265820000	832.8		
T	44.124330000	5.265880000	833.6		
T	44.124370000	5.265930000	834.2		
T	44.124400000	5.265980000	834.9		
T	44.124440000	5.266030000	835.6		
T	44.124470000	5.266070000	836.3		
T	44.124510000	5.266110000	837.0		
T	44.124550000	5.266150000	837.8		
T	44.124590000	5.266190000	838.6		
T	44.124630000	5.266230000	839.3		
T	44.124670000	5.266280000	840.2		
T	44.124710000	5.266330000	841.0		
T	44.124750000	5.266390000	841.9		
T	44.124790000	5.266440000	842.4		
T	44.124810000	5.266500000	843.2		
T	44.124840000	5.266560000	843.8		
T	44.124870000	5.266620000	844.4		
T	44.124890000	5.266680000	845.0		
T	44.124920000	5.266740000	845.6		
T	44.124950000	5.266820000	846.6		
T	44.124990000	5.266930000	847.9		
T	44.125030000	5.267060000	849.0		
T	44.125160000	5.267440000	852.1		
T	44.125190000	5.267520000	852.6		
T	44.125220000	5.267600000	853.3		
T	44.125240000	5.267670000	854.1		
T	44.125260000	5.267740000	854.8		
T	44.125310000	5.267850000	856.1		
T	44.125360000	5.267950000	857.4		
T	44.125400000	5.268000000	857.9		
T	44.125440000	5.268070000	858.5		
T	44.125540000	5.268210000	858.9		
T	44.125580000	5.268260000	859.3		
T	44.125610000	5.268310000	859.8		
T	44.125640000	5.268370000	860.4		
T	44.125670000	5.268430000	861.1		
T	44.125690000	5.268480000	861.6		
T	44.125820000	5.268890000	865.2		
T	44.125910000	5.269140000	868.7		
T	44.125940000	5.269210000	869.4		
T	44.125990000	5.269360000	870.7		
T	44.126040000	5.269540000	871.8		
T	44.126070000	5.269640000	872.1		
T	44.126090000	5.269730000	872.3		
T	44.126120000	5.269860000	873.6		
T	44.126140000	5.270030000	875.7		
T	44.126170000	5.270240000	878.9		
T	44.126200000	5.270360000	880.6		
T	44.126440000	5.270990000	886.9		
T	44.126480000	5.271100000	887.9		
T	44.126500000	5.271190000	888.5		
T	44.126520000	5.271250000	888.8		
T	44.126540000	5.271400000	889.5		
T	44.126550000	5.271570000	890.0		
T	44.126560000	5.271720000	890.3		
T	44.126600000	5.272240000	893.6		
T	44.126610000	5.272450000	895.2		
T	44.126620000	5.272660000	896.1		
T	44.126640000	5.272890000	897.1		
T	44.126650000	5.273200000	898.8		
T	44.126660000	5.273260000	898.8		
T	44.126660000	5.273330000	899.1		
T	44.126650000	5.273390000	899.9		
T	44.126640000	5.273450000	900.7		
T	44.126580000	5.273640000	903.1		
T	44.126500000	5.273860000	905.1		
T	44.126420000	5.274050000	906.0		
T	44.126260000	5.274460000	909.5		
T	44.125830000	5.275530000	920.0		
T	44.125770000	5.275710000	921.9		
T	44.125730000	5.275860000	923.2		
T	44.125710000	5.276010000	924.0		
T	44.125710000	5.276120000	924.4		
T	44.125720000	5.276260000	924.5		
T	44.125740000	5.276390000	924.7		
T	44.125930000	5.277220000	931.3		
T	44.126010000	5.277620000	933.8		
T	44.126110000	5.278100000	937.7		
T	44.126140000	5.278220000	939.3		
T	44.126170000	5.278300000	940.4		
T	44.126200000	5.278370000	941.2		
T	44.126260000	5.278450000	941.7		
T	44.126380000	5.278540000	940.9		
T	44.126430000	5.278590000	941.2		
T	44.126480000	5.278650000	941.9		
T	44.126510000	5.278740000	942.6		
T	44.126530000	5.278820000	943.1		
T	44.126540000	5.278910000	943.6		
T	44.126550000	5.279150000	944.8		
T	44.126560000	5.279500000	947.2		
T	44.126560000	5.279970000	951.7		
T	44.126560000	5.280110000	953.1		
T	44.126570000	5.280230000	954.2		
T	44.126570000	5.280350000	955.4		
T	44.126580000	5.280460000	956.3		
T	44.126600000	5.280560000	957.0		
T	44.126620000	5.280660000	957.5		
T	44.126660000	5.280790000	957.8		
T	44.126760000	5.281080000	958.0		
T	44.126880000	5.281420000	958.3		
T	44.126990000	5.281730000	961.8		
T	44.127010000	5.281800000	963.0		
T	44.127030000	5.281880000	964.2		
T	44.127050000	5.281960000	965.2		
T	44.127050000	5.282040000	965.6		
T	44.127050000	5.282130000	966.0		
T	44.127040000	5.282240000	966.4		
T	44.127000000	5.282580000	968.2		
T	44.126960000	5.282910000	971.9		
T	44.126940000	5.283060000	973.2		
T	44.126930000	5.283300000	975.3		
T	44.126940000	5.283410000	976.0		
T	44.126950000	5.283480000	976.6		
T	44.126980000	5.283530000	977.2		
T	44.127000000	5.283580000	977.8		
T	44.127030000	5.283630000	978.7		
T	44.127070000	5.283670000	979.5		
T	44.127130000	5.283700000	980.2		
T	44.127230000	5.283770000	981.3		
T	44.127300000	5.283790000	982.0		
T	44.127370000	5.283810000	982.5		
T	44.127440000	5.283810000	982.9		
T	44.127500000	5.283800000	983.0		
T	44.127600000	5.283770000	983.0		
T	44.127720000	5.283690000	983.0		
T	44.127830000	5.283670000	984.1		
T	44.127950000	5.283670000	986.0		
T	44.128090000	5.283700000	988.2		
T	44.128270000	5.283740000	990.6		
T	44.128360000	5.283760000	991.8		
T	44.128440000	5.283760000	992.8		
T	44.128590000	5.283740000	994.7		
T	44.128680000	5.283740000	996.1		
T	44.128700000	5.283740000	996.5		
T	44.128710000	5.283750000	996.6		
T	44.128720000	5.283770000	996.7		
T	44.128730000	5.283790000	996.9		
T	44.128740000	5.283820000	997.0		
T	44.128730000	5.283870000	996.7		
T	44.128720000	5.283890000	996.6		
T	44.128710000	5.283920000	996.6		
T	44.128680000	5.283950000	996.4		
T	44.128640000	5.283970000	996.0		
T	44.128620000	5.283990000	995.8		
T	44.128530000	5.284040000	994.8		
T	44.128500000	5.284070000	994.4		
T	44.128470000	5.284110000	994.2		
T	44.128450000	5.284150000	994.0		
T	44.128440000	5.284190000	994.0		
T	44.128430000	5.284220000	993.9		
T	44.128430000	5.284260000	994.1		
T	44.128430000	5.284290000	994.2		
T	44.128430000	5.284330000	994.3		
T	44.128440000	5.284360000	994.6		
T	44.128450000	5.284400000	994.9		
T	44.128470000	5.284430000	995.4		
T	44.128480000	5.284450000	995.7		
T	44.128540000	5.284550000	997.2		
T	44.128610000	5.284650000	998.7		
T	44.128650000	5.284720000	999.7		
T	44.128720000	5.284840000	1001.6		
T	44.128770000	5.284920000	1002.9		
T	44.128810000	5.285020000	1004.0		
T	44.128840000	5.285100000	1004.7		
T	44.128860000	5.285160000	1005.2		
T	44.128870000	5.285240000	1005.7		
T	44.128890000	5.285460000	1006.7		
T	44.128910000	5.285820000	1010.1		
T	44.128920000	5.285970000	1011.8		
T	44.128930000	5.286050000	1012.7		
T	44.128940000	5.286120000	1013.4		
T	44.128970000	5.286190000	1013.9		
T	44.129000000	5.286280000	1014.4		
T	44.129030000	5.286340000	1014.8		
T	44.129070000	5.286390000	1015.3		
T	44.129170000	5.286530000	1016.5		
T	44.129250000	5.286640000	1017.8		
T	44.129300000	5.286730000	1018.8		
T	44.129350000	5.286830000	1019.8		
T	44.129420000	5.286980000	1020.8		
T	44.129510000	5.287170000	1021.7		
T	44.129570000	5.287320000	1022.5		
T	44.129580000	5.287400000	1022.8		
T	44.129590000	5.287490000	1023.0		
T	44.129590000	5.287620000	1023.7		
T	44.129570000	5.287940000	1026.1		
T	44.129570000	5.288050000	1027.3		
T	44.129570000	5.288090000	1027.6		
T	44.129580000	5.288130000	1028.0		
T	44.129590000	5.288160000	1028.3		
T	44.129600000	5.288180000	1028.6		
T	44.129660000	5.288270000	1029.9		
T	44.129710000	5.288320000	1030.8		
T	44.129780000	5.288380000	1032.0		
T	44.129990000	5.288520000	1035.2		
T	44.130060000	5.288580000	1036.2		
T	44.130110000	5.288620000	1036.8		
T	44.130250000	5.288720000	1038.5		
T	44.130370000	5.288810000	1039.8		
T	44.130470000	5.288890000	1040.7		
T	44.130530000	5.288970000	1041.5		
T	44.130580000	5.289040000	1042.2		
T	44.130640000	5.289150000	1043.5		
T	44.130700000	5.289290000	1045.1		
T	44.130770000	5.289540000	1047.8		
T	44.130820000	5.289780000	1050.4		
T	44.130920000	5.290120000	1053.2		
T	44.130970000	5.290280000	1054.5		
T	44.131010000	5.290380000	1055.7		
T	44.131060000	5.290470000	1056.9		
T	44.131120000	5.290590000	1058.6		
T	44.131200000	5.290710000	1061.1		
T	44.131290000	5.290850000	1063.5		
T	44.131320000	5.290920000	1064.4		
T	44.131480000	5.291190000	1068.2		
T	44.131580000	5.291380000	1070.3		
T	44.131640000	5.291510000	1071.2		
T	44.131680000	5.291640000	1072.0		
T	44.131740000	5.291800000	1073.8		
T	44.131870000	5.292180000	1076.4		
T	44.132020000	5.292600000	1080.2		
T	44.132110000	5.292820000	1083.2		
T	44.132210000	5.293050000	1085.9		
T	44.132320000	5.293280000	1088.7		
T	44.132390000	5.293410000	1089.6		
T	44.132470000	5.293560000	1090.6		
T	44.132540000	5.293720000	1092.6		
T	44.132690000	5.294020000	1096.9		
T	44.132830000	5.294300000	1100.3		
T	44.132890000	5.294420000	1102.1		
T	44.132970000	5.294520000	1103.7		
T	44.133140000	5.294770000	1107.0		
T	44.133250000	5.294950000	1109.0		
T	44.133300000	5.295040000	1110.0		
T	44.133350000	5.295120000	1110.6		
T	44.133410000	5.295250000	1111.5		
T	44.133480000	5.295400000	1112.7		
T	44.133610000	5.295690000	1114.0		
T	44.133680000	5.295840000	1115.3		
T	44.133760000	5.296010000	1116.4		
T	44.134070000	5.296700000	1121.7		
T	44.134320000	5.297230000	1126.6		
T	44.134410000	5.297440000	1128.6		
T	44.134440000	5.297550000	1129.4		
T	44.134480000	5.297710000	1131.0		
T	44.134510000	5.297880000	1132.7		
T	44.134540000	5.298120000	1135.5		
T	44.134560000	5.298360000	1138.1		
T	44.134610000	5.298790000	1139.1		
T	44.134660000	5.299340000	1141.8		
T	44.134700000	5.299750000	1145.7		
T	44.134720000	5.300090000	1149.0		
T	44.134750000	5.300370000	1151.8		
T	44.134770000	5.300580000	1153.4		
T	44.134790000	5.300680000	1154.4		
T	44.134810000	5.300770000	1155.1		
T	44.134840000	5.300900000	1156.2		
T	44.134880000	5.301000000	1156.9		
T	44.134910000	5.301070000	1157.3		
T	44.135010000	5.301270000	1158.8		
T	44.135160000	5.301560000	1162.5		
T	44.135230000	5.301680000	1163.1		
T	44.135290000	5.301780000	1163.9		
T	44.135440000	5.302060000	1165.8		
T	44.135630000	5.302370000	1168.7		
T	44.135700000	5.302490000	1170.0		
T	44.135750000	5.302570000	1171.1		
T	44.135790000	5.302660000	1172.0		
T	44.135820000	5.302730000	1172.6		
T	44.135870000	5.302860000	1174.8		
T	44.135900000	5.302990000	1176.9		
T	44.135900000	5.303110000	1178.2		
T	44.135880000	5.303320000	1179.6		
T	44.135780000	5.303790000	1182.5		
T	44.135740000	5.304030000	1184.9		
T	44.135700000	5.304210000	1186.6		
T	44.135660000	5.304450000	1189.2		
T	44.135600000	5.304790000	1192.0		
T	44.135560000	5.305010000	1193.1		
T	44.135520000	5.305200000	1194.1		
T	44.135500000	5.305390000	1195.0		
T	44.135490000	5.305630000	1195.9		
T	44.135480000	5.305790000	1195.9		
T	44.135480000	5.305900000	1196.2		
T	44.135500000	5.306030000	1197.0		
T	44.135520000	5.306140000	1197.8		
T	44.135550000	5.306260000	1199.0		
T	44.135570000	5.306370000	1200.0		
T	44.135610000	5.306470000	1200.8		
T	44.135650000	5.306590000	1201.5		
T	44.135700000	5.306700000	1202.2		
T	44.135770000	5.306840000	1203.2		
T	44.135880000	5.307050000	1205.3		
T	44.135990000	5.307250000	1207.4		
T	44.136200000	5.307560000	1211.0		
T	44.136440000	5.307860000	1214.3		
T	44.136490000	5.307930000	1215.4		
T	44.136610000	5.308090000	1217.8		
T	44.136720000	5.308220000	1220.8		
T	44.136830000	5.308350000	1223.5		
T	44.137000000	5.308560000	1226.8		
T	44.137230000	5.308860000	1226.1		
T	44.137300000	5.308960000	1226.6		
T	44.137470000	5.309190000	1227.2		
T	44.137570000	5.309380000	1228.6		
T	44.137650000	5.309560000	1230.0		
T	44.137740000	5.309780000	1231.3		
T	44.137850000	5.310080000	1235.1		
T	44.137890000	5.310190000	1236.8		
T	44.137960000	5.310360000	1239.4		
T	44.138020000	5.310520000	1241.5		
T	44.138070000	5.310660000	1243.0		
T	44.138110000	5.310780000	1244.2		
T	44.138140000	5.310910000	1244.5		
T	44.138160000	5.311020000	1244.5		
T	44.138170000	5.311120000	1244.4		
T	44.138160000	5.311220000	1244.6		
T	44.138150000	5.311320000	1244.8		
T	44.138140000	5.311410000	1245.1		
T	44.138130000	5.311490000	1245.4		
T	44.138120000	5.311580000	1245.7		
T	44.138130000	5.311700000	1246.3		
T	44.138170000	5.311870000	1247.9		
T	44.138230000	5.312080000	1249.7		
T	44.138280000	5.312220000	1250.6		
T	44.138340000	5.312450000	1251.7		
T	44.138370000	5.312570000	1252.9		
T	44.138390000	5.312660000	1253.9		
T	44.138410000	5.312800000	1255.6		
T	44.138420000	5.312890000	1256.7		
T	44.138430000	5.313160000	1259.9		
T	44.138440000	5.313300000	1261.5		
T	44.138470000	5.313480000	1262.9		
T	44.138510000	5.313640000	1263.6		
T	44.138550000	5.313790000	1264.7		
T	44.138600000	5.313930000	1264.9		
T	44.138660000	5.314070000	1265.9		
T	44.138750000	5.314270000	1266.6		
T	44.138880000	5.314540000	1266.6		
T	44.138990000	5.314760000	1269.4		
T	44.139070000	5.314900000	1271.4		
T	44.139200000	5.315090000	1273.4		
T	44.139250000	5.315160000	1274.4		
T	44.139330000	5.315290000	1275.6		
T	44.139510000	5.315580000	1278.2		
T	44.139790000	5.316010000	1278.9		
T	44.139900000	5.316170000	1281.0		
T	44.139980000	5.316280000	1282.5		
T	44.140070000	5.316420000	1284.3		
T	44.140160000	5.316540000	1285.8		
T	44.140360000	5.316790000	1289.7		
T	44.140470000	5.316920000	1292.3		
T	44.140620000	5.317150000	1296.1		
T	44.140710000	5.317300000	1297.7		
T	44.140820000	5.317500000	1299.0		
T	44.140900000	5.317630000	1300.2		
T	44.140980000	5.317750000	1300.8		
T	44.141050000	5.317850000	1301.2		
T	44.141110000	5.317920000	1301.5		
T	44.141190000	5.318000000	1302.2		
T	44.141550000	5.318380000	1308.1		
T	44.141640000	5.318450000	1309.9		
T	44.141700000	5.318480000	1310.8		
T	44.141740000	5.318490000	1311.2		
T	44.141780000	5.318490000	1311.4		
T	44.141850000	5.318490000	1311.8		
T	44.141980000	5.318460000	1312.2		
T	44.142110000	5.318430000	1313.2		
T	44.142240000	5.318410000	1314.3		
T	44.142300000	5.318410000	1314.9		
T	44.142340000	5.318430000	1315.5		
T	44.142400000	5.318450000	1316.3		
T	44.142480000	5.318500000	1317.6		
T	44.142610000	5.318560000	1319.2		
T	44.142730000	5.318570000	1320.2		
T	44.142810000	5.318550000	1320.8		
T	44.142910000	5.318480000	1321.7		
T	44.143150000	5.318280000	1324.3		
T	44.143330000	5.318140000	1326.5		
T	44.143490000	5.318010000	1330.0		
T	44.143630000	5.317890000	1333.3		
T	44.143900000	5.317580000	1337.8		
T	44.144010000	5.317500000	1339.3		
T	44.144110000	5.317460000	1340.7		
T	44.144240000	5.317430000	1342.4		
T	44.144390000	5.317410000	1344.3		
T	44.144510000	5.317400000	1345.5		
T	44.144670000	5.317400000	1346.6		
T	44.144800000	5.317420000	1347.8		
T	44.145150000	5.317500000	1351.1		
T	44.145330000	5.317540000	1352.6		
T	44.145570000	5.317590000	1354.4		
T	44.145630000	5.317610000	1355.2		
T	44.145680000	5.317630000	1355.8		
T	44.145740000	5.317650000	1356.4		
T	44.145780000	5.317680000	1357.0		
T	44.145810000	5.317690000	1357.2		
T	44.145840000	5.317700000	1357.5		
T	44.145870000	5.317700000	1357.8		
T	44.145880000	5.317690000	1357.8		
T	44.145900000	5.317670000	1357.9		
T	44.145920000	5.317650000	1358.0		
T	44.145930000	5.317620000	1358.0		
T	44.145930000	5.317600000	1357.9		
T	44.145930000	5.317570000	1357.7		
T	44.145930000	5.317530000	1357.5		
T	44.145910000	5.317490000	1357.2		
T	44.145900000	5.317450000	1357.3		
T	44.145670000	5.317060000	1358.9		
T	44.145600000	5.316960000	1360.0		
T	44.145530000	5.316860000	1360.9		
T	44.145480000	5.316770000	1361.6		
T	44.145460000	5.316680000	1362.8		
T	44.145460000	5.316580000	1363.3		
T	44.145470000	5.316460000	1363.8		
T	44.145510000	5.316350000	1364.5		
T	44.145610000	5.316170000	1365.7		
T	44.145810000	5.315820000	1368.6		
T	44.145940000	5.315580000	1368.7		
T	44.146070000	5.315350000	1368.2		
T	44.146120000	5.315310000	1368.4		
T	44.146170000	5.315290000	1368.6		
T	44.146250000	5.315270000	1368.9		
T	44.146330000	5.315270000	1369.5		
T	44.146480000	5.315290000	1370.8		
T	44.146820000	5.315390000	1374.2		
T	44.146970000	5.315450000	1375.7		
T	44.147010000	5.315470000	1376.2		
T	44.147070000	5.315510000	1377.2		
T	44.147140000	5.315570000	1378.9		
T	44.147190000	5.315630000	1379.7		
T	44.147240000	5.315710000	1380.5		
T	44.147300000	5.315790000	1380.8		
T	44.147370000	5.315890000	1381.6		
T	44.147430000	5.315950000	1382.0		
T	44.147520000	5.316010000	1382.6		
T	44.147610000	5.316050000	1383.3		
T	44.147710000	5.316090000	1384.3		
T	44.147840000	5.316130000	1385.3		
T	44.147970000	5.316170000	1386.3		
T	44.148060000	5.316220000	1387.7		
T	44.148160000	5.316270000	1388.7		
T	44.148620000	5.316570000	1395.5		
T	44.149390000	5.317100000	1402.8		
T	44.149680000	5.317320000	1405.7		
T	44.149870000	5.317440000	1408.0		
T	44.149970000	5.317490000	1408.9		
T	44.150160000	5.317580000	1408.9		
T	44.150470000	5.317680000	1410.3		
T	44.150620000	5.317740000	1411.7		
T	44.150740000	5.317800000	1412.8		
T	44.150840000	5.317870000	1413.9		
T	44.150970000	5.317960000	1414.1		
T	44.151110000	5.318090000	1414.8		
T	44.151360000	5.318320000	1417.9		
T	44.151560000	5.318500000	1422.1		
T	44.151700000	5.318630000	1424.1		
T	44.151840000	5.318760000	1424.8		
T	44.151900000	5.318810000	1424.7		
T	44.151940000	5.318840000	1424.5		
T	44.151980000	5.318860000	1424.6		
T	44.152030000	5.318860000	1424.5		
T	44.152120000	5.318780000	1424.4		
T	44.152170000	5.318710000	1424.9		
T	44.152200000	5.318640000	1425.5		
T	44.152220000	5.318580000	1426.1		
T	44.152230000	5.318480000	1426.7		
T	44.152230000	5.318410000	1426.9		
T	44.152210000	5.318330000	1426.8		
T	44.152160000	5.318160000	1426.4		
T	44.152100000	5.317960000	1425.9		
T	44.152020000	5.317710000	1425.4		
T	44.151970000	5.317500000	1425.6		
T	44.151880000	5.317250000	1426.1		
T	44.151810000	5.317060000	1428.1		
T	44.151710000	5.316840000	1430.4		
T	44.151630000	5.316650000	1431.9		
T	44.151560000	5.316450000	1432.6		
T	44.151490000	5.316210000	1433.9		
T	44.151370000	5.315750000	1435.7		
T	44.151300000	5.315440000	1438.4		
T	44.151230000	5.315170000	1440.7		
T	44.151190000	5.315060000	1441.3		
T	44.151090000	5.314860000	1442.0		
T	44.151000000	5.314680000	1442.9		
T	44.150960000	5.314600000	1443.2		
T	44.150930000	5.314520000	1443.8		
T	44.150910000	5.314430000	1444.8		
T	44.150910000	5.314330000	1445.8		
T	44.150920000	5.314250000	1446.8		
T	44.150930000	5.314190000	1447.5		
T	44.150960000	5.314120000	1448.6		
T	44.151080000	5.313950000	1452.0		
T	44.151240000	5.313770000	1454.9		
T	44.151410000	5.313620000	1457.0		
T	44.151480000	5.313570000	1456.8		
T	44.151560000	5.313560000	1456.7		
T	44.151640000	5.313550000	1456.8		
T	44.151980000	5.313610000	1459.3		
T	44.152160000	5.313660000	1460.9		
T	44.152260000	5.313680000	1461.8		
T	44.152340000	5.313720000	1462.3		
T	44.152440000	5.313780000	1463.3		
T	44.152550000	5.313860000	1464.5		
T	44.152640000	5.313940000	1465.6		
T	44.152710000	5.314020000	1466.4		
T	44.152790000	5.314130000	1467.5		
T	44.152970000	5.314360000	1469.2		
T	44.153020000	5.314400000	1469.5		
T	44.153120000	5.314480000	1470.4		
T	44.153290000	5.314560000	1471.6		
T	44.153400000	5.314610000	1472.4		
T	44.153620000	5.314700000	1473.7		
T	44.153690000	5.314740000	1474.3		
T	44.153810000	5.314810000	1475.3		
T	44.154240000	5.315100000	1482.1		
T	44.154520000	5.315290000	1486.4		
T	44.154640000	5.315360000	1487.7		
T	44.154780000	5.315440000	1489.3		
T	44.154830000	5.315450000	1489.9		
T	44.154880000	5.315450000	1490.3		
T	44.154900000	5.315440000	1490.4		
T	44.154930000	5.315430000	1490.5		
T	44.154950000	5.315410000	1490.5		
T	44.154960000	5.315390000	1490.3		
T	44.154980000	5.315360000	1490.0		
T	44.154980000	5.315330000	1489.6		
T	44.154980000	5.315290000	1489.0		
T	44.154980000	5.315240000	1488.7		
T	44.154960000	5.315180000	1488.3		
T	44.154920000	5.315090000	1487.6		
T	44.154860000	5.314980000	1486.5		
T	44.154820000	5.314860000	1486.1		
T	44.154790000	5.314720000	1485.5		
T	44.154780000	5.314540000	1486.6		
T	44.154780000	5.314320000	1488.1		
T	44.154790000	5.314040000	1490.1		
T	44.154810000	5.313740000	1492.4		
T	44.154830000	5.313290000	1495.1		
T	44.154850000	5.313080000	1495.8		
T	44.154880000	5.312780000	1496.8		
T	44.154930000	5.312570000	1497.7		
T	44.154950000	5.312510000	1498.1		
T	44.155010000	5.312420000	1498.6		
T	44.155060000	5.312350000	1498.7		
T	44.155130000	5.312290000	1498.8		
T	44.155190000	5.312260000	1498.9		
T	44.155260000	5.312240000	1499.2		
T	44.155340000	5.312230000	1498.9		
T	44.155400000	5.312240000	1498.9		
T	44.155460000	5.312260000	1499.2		
T	44.155550000	5.312310000	1500.2		
T	44.155870000	5.312540000	1503.1		
T	44.156130000	5.312710000	1507.2		
T	44.156450000	5.312850000	1508.8		
T	44.156820000	5.312990000	1509.7		
T	44.157020000	5.313070000	1510.2		
T	44.157100000	5.313110000	1511.1		
T	44.157170000	5.313150000	1512.0		
T	44.157280000	5.313250000	1514.9		
T	44.157370000	5.313320000	1517.2		
T	44.157450000	5.313380000	1519.0		
T	44.157500000	5.313410000	1519.9		
T	44.157540000	5.313420000	1520.4		
T	44.157600000	5.313420000	1520.7		
T	44.157670000	5.313400000	1520.6		
T	44.157720000	5.313370000	1520.3		
T	44.157760000	5.313320000	1519.7		
T	44.157790000	5.313260000	1519.5		
T	44.157810000	5.313190000	1519.4		
T	44.157820000	5.313140000	1519.2		
T	44.157820000	5.313050000	1518.5		
T	44.157810000	5.312850000	1518.3		
T	44.157800000	5.312640000	1518.9		
T	44.157800000	5.312410000	1520.8		
T	44.157790000	5.312270000	1521.9		
T	44.157790000	5.312160000	1523.1		
T	44.157770000	5.312100000	1523.0		
T	44.157750000	5.312040000	1523.1		
T	44.157680000	5.311890000	1522.8		
T	44.157580000	5.311650000	1522.5		
T	44.157510000	5.311440000	1523.6		
T	44.157460000	5.311200000	1525.6		
T	44.157430000	5.311020000	1527.1		
T	44.157410000	5.310840000	1528.7		
T	44.157400000	5.310700000	1529.7		
T	44.157410000	5.310550000	1531.5		
T	44.157420000	5.310410000	1533.0		
T	44.157430000	5.310290000	1534.4		
T	44.157490000	5.309940000	1537.5		
T	44.157550000	5.309660000	1538.9		
T	44.157640000	5.309370000	1541.0		
T	44.157670000	5.309270000	1541.3		
T	44.157720000	5.309140000	1542.0		
T	44.157820000	5.308930000	1543.4		
T	44.157890000	5.308830000	1544.4		
T	44.157960000	5.308740000	1545.4		
T	44.158030000	5.308660000	1546.0		
T	44.158120000	5.308560000	1546.8		
T	44.158210000	5.308480000	1547.7		
T	44.158290000	5.308420000	1548.4		
T	44.158380000	5.308360000	1549.4		
T	44.158630000	5.308240000	1551.9		
T	44.158760000	5.308180000	1551.7		
T	44.158910000	5.308130000	1552.1		
T	44.159020000	5.308110000	1552.8		
T	44.159110000	5.308110000	1553.8		
T	44.159200000	5.308110000	1554.7		
T	44.159380000	5.308120000	1556.8		
T	44.159580000	5.308140000	1560.3		
T	44.160010000	5.308170000	1565.2		
T	44.160060000	5.308170000	1566.1		
T	44.160100000	5.308170000	1566.8		
T	44.160140000	5.308160000	1567.3		
T	44.160170000	5.308140000	1567.6		
T	44.160200000	5.308130000	1568.1		
T	44.160230000	5.308090000	1568.3		
T	44.160250000	5.308050000	1568.4		
T	44.160270000	5.308010000	1569.2		
T	44.160280000	5.307970000	1569.7		
T	44.160270000	5.307920000	1569.8		
T	44.160260000	5.307830000	1570.1		
T	44.160230000	5.307730000	1570.3		
T	44.160120000	5.307490000	1570.0		
T	44.160030000	5.307300000	1569.8		
T	44.159960000	5.307130000	1569.3		
T	44.159910000	5.306980000	1568.8		
T	44.159850000	5.306750000	1568.9		
T	44.159810000	5.306570000	1569.9		
T	44.159750000	5.306270000	1572.5		
T	44.159710000	5.306100000	1573.9		
T	44.159640000	5.305720000	1576.9		
T	44.159630000	5.305590000	1577.7		
T	44.159620000	5.305470000	1578.3		
T	44.159620000	5.305360000	1578.9		
T	44.159630000	5.305240000	1579.8		
T	44.159630000	5.305130000	1580.0		
T	44.159650000	5.305010000	1580.7		
T	44.159730000	5.304620000	1582.6		
T	44.159820000	5.304200000	1585.5		
T	44.159920000	5.303710000	1588.7		
T	44.160020000	5.303300000	1593.3		
T	44.160050000	5.303160000	1593.1		
T	44.160320000	5.302460000	1598.6		
T	44.160410000	5.302200000	1599.2		
T	44.160550000	5.301870000	1600.4		
T	44.160640000	5.301660000	1600.5		
T	44.160750000	5.301480000	1601.8		
T	44.160820000	5.301380000	1602.8		
T	44.160910000	5.301270000	1604.7		
T	44.161060000	5.301130000	1607.2		
T	44.161160000	5.301040000	1608.3		
T	44.161320000	5.300910000	1609.8		
T	44.161420000	5.300850000	1610.6		
T	44.161510000	5.300790000	1611.2		
T	44.161600000	5.300760000	1612.0		
T	44.161680000	5.300740000	1612.7		
T	44.161740000	5.300750000	1612.8		
T	44.161820000	5.300770000	1613.1		
T	44.161890000	5.300820000	1613.8		
T	44.161940000	5.300880000	1614.5		
T	44.161990000	5.300950000	1614.4		
T	44.162060000	5.301080000	1614.9		
T	44.162590000	5.302070000	1622.0		
T	44.162640000	5.302170000	1624.2		
T	44.162730000	5.302310000	1627.4		
T	44.162760000	5.302360000	1628.6		
T	44.162800000	5.302400000	1629.4		
T	44.162830000	5.302440000	1630.3		
T	44.162870000	5.302470000	1630.9		
T	44.162910000	5.302500000	1631.5		
T	44.162950000	5.302520000	1631.7		
T	44.162970000	5.302530000	1631.8		
T	44.162990000	5.302530000	1631.8		
T	44.163040000	5.302540000	1631.8		
T	44.163080000	5.302540000	1631.8		
T	44.163120000	5.302530000	1631.8		
T	44.163160000	5.302500000	1631.4		
T	44.163210000	5.302470000	1630.8		
T	44.163280000	5.302420000	1630.0		
T	44.163420000	5.302330000	1631.1		
T	44.163550000	5.302240000	1633.4		
T	44.163610000	5.302190000	1634.2		
T	44.163650000	5.302160000	1635.0		
T	44.163690000	5.302130000	1636.0		
T	44.163730000	5.302100000	1637.0		
T	44.163760000	5.302070000	1637.6		
T	44.163790000	5.302040000	1638.3		
T	44.163820000	5.302000000	1638.9		
T	44.163850000	5.301970000	1639.7		
T	44.163890000	5.301910000	1640.5		
T	44.163920000	5.301860000	1640.8		
T	44.163950000	5.301800000	1641.0		
T	44.163980000	5.301730000	1641.1		
T	44.164010000	5.301650000	1641.2		
T	44.164060000	5.301490000	1641.6		
T	44.164130000	5.301300000	1642.5		
T	44.164270000	5.300870000	1644.0		
T	44.164350000	5.300610000	1645.0		
T	44.164470000	5.300290000	1646.9		
T	44.164570000	5.300030000	1647.8		
T	44.164600000	5.299950000	1648.2		
T	44.164650000	5.299840000	1649.1		
T	44.164680000	5.299760000	1649.6		
T	44.164770000	5.299590000	1651.5		
T	44.164910000	5.299280000	1654.7		
T	44.164970000	5.299160000	1656.5		
T	44.165010000	5.299050000	1657.2		
T	44.165040000	5.298980000	1657.8		
T	44.165070000	5.298900000	1658.4		
T	44.165090000	5.298830000	1658.6		
T	44.165110000	5.298760000	1658.8		
T	44.165130000	5.298680000	1658.8		
T	44.165160000	5.298560000	1659.3		
T	44.165190000	5.298410000	1659.9		
T	44.165270000	5.297970000	1663.7		
T	44.165320000	5.297750000	1665.2		
T	44.165380000	5.297520000	1665.8		
T	44.165420000	5.297370000	1666.2		
T	44.165460000	5.297270000	1666.9		
T	44.165490000	5.297220000	1667.6		
T	44.165530000	5.297150000	1667.6		
T	44.165590000	5.297060000	1667.7		
T	44.165620000	5.297020000	1667.8		
T	44.165650000	5.296990000	1668.1		
T	44.165710000	5.296930000	1668.6		
T	44.165810000	5.296850000	1669.6		
T	44.165890000	5.296790000	1670.4		
T	44.165960000	5.296740000	1671.2		
T	44.166120000	5.296650000	1673.8		
T	44.166300000	5.296540000	1676.6		
T	44.166500000	5.296420000	1679.8		
T	44.166840000	5.296190000	1686.6		
T	44.166980000	5.296080000	1688.5		
T	44.167110000	5.295960000	1689.8		
T	44.167290000	5.295790000	1691.5		
T	44.167410000	5.295650000	1692.8		
T	44.167450000	5.295600000	1693.2		
T	44.167480000	5.295550000	1693.2		
T	44.167520000	5.295500000	1694.0		
T	44.167550000	5.295440000	1694.4		
T	44.167590000	5.295380000	1695.2		
T	44.167620000	5.295310000	1695.6		
T	44.167640000	5.295250000	1696.0		
T	44.167650000	5.295180000	1696.5		
T	44.167660000	5.295120000	1696.9		
T	44.167670000	5.295040000	1697.3		
T	44.167660000	5.294960000	1697.5		
T	44.167660000	5.294890000	1698.5		
T	44.167640000	5.294820000	1698.6		
T	44.167560000	5.294610000	1698.7		
T	44.167470000	5.294410000	1698.5		
T	44.167320000	5.294070000	1699.4		
T	44.167160000	5.293720000	1701.9		
T	44.167130000	5.293610000	1703.4		
T	44.167100000	5.293490000	1703.7		
T	44.167080000	5.293370000	1704.4		
T	44.167060000	5.293240000	1705.0		
T	44.167060000	5.293150000	1705.8		
T	44.167050000	5.293050000	1706.2		
T	44.167060000	5.292960000	1707.1		
T	44.167060000	5.292880000	1707.6		
T	44.167070000	5.292820000	1708.3		
T	44.167100000	5.292710000	1709.5		
T	44.167130000	5.292590000	1710.2		
T	44.167180000	5.292450000	1711.1		
T	44.167240000	5.292340000	1711.8		
T	44.167320000	5.292210000	1712.6		
T	44.167400000	5.292100000	1712.9		
T	44.167490000	5.292000000	1713.7		
T	44.167590000	5.291920000	1715.2		
T	44.167680000	5.291870000	1716.6		
T	44.167730000	5.291840000	1717.2		
T	44.167820000	5.291810000	1718.7		
T	44.167930000	5.291770000	1720.3		
T	44.168220000	5.291650000	1725.2		
T	44.168450000	5.291560000	1728.0		
T	44.168800000	5.291420000	1732.0		
T	44.169050000	5.291330000	1736.8		
T	44.169190000	5.291270000	1739.9		
T	44.169280000	5.291230000	1742.0		
T	44.169350000	5.291180000	1743.6		
T	44.169400000	5.291140000	1744.8		
T	44.169430000	5.291110000	1745.5		
T	44.169440000	5.291070000	1745.6		
T	44.169450000	5.291030000	1745.6		
T	44.169460000	5.290990000	1745.5		
T	44.169460000	5.290910000	1744.9		
T	44.169440000	5.290850000	1744.0		
T	44.169420000	5.290790000	1743.8		
T	44.169380000	5.290730000	1743.5		
T	44.169330000	5.290670000	1743.2		
T	44.169230000	5.290550000	1743.0		
T	44.169060000	5.290360000	1742.8		
T	44.168820000	5.290090000	1742.7		
T	44.168760000	5.289990000	1743.3		
T	44.168710000	5.289870000	1744.5		
T	44.168660000	5.289740000	1745.6		
T	44.168630000	5.289620000	1746.5		
T	44.168610000	5.289480000	1747.6		
T	44.168600000	5.289220000	1750.1		
T	44.168610000	5.288960000	1751.7		
T	44.168640000	5.288710000	1753.6		
T	44.168690000	5.288390000	1756.1		
T	44.168730000	5.288140000	1757.4		
T	44.168770000	5.287990000	1758.5		
T	44.168810000	5.287830000	1759.5		
T	44.168940000	5.287390000	1761.8		
T	44.169000000	5.287230000	1762.6		
T	44.169060000	5.287060000	1763.4		
T	44.169180000	5.286780000	1765.9		
T	44.169260000	5.286630000	1768.3		
T	44.169330000	5.286490000	1770.5		
T	44.169420000	5.286350000	1772.8		
T	44.169510000	5.286230000	1773.8		
T	44.169600000	5.286100000	1774.7		
T	44.169720000	5.285960000	1775.2		
T	44.169840000	5.285850000	1777.5		
T	44.170040000	5.285670000	1782.5		
T	44.170460000	5.285320000	1787.2		
T	44.170600000	5.285180000	1789.0		
T	44.170670000	5.285090000	1790.0		
T	44.170730000	5.284990000	1790.6		
T	44.170890000	5.284740000	1793.8		
T	44.170990000	5.284630000	1794.7		
T	44.171130000	5.284490000	1795.3		
T	44.171240000	5.284410000	1795.2		
T	44.171360000	5.284360000	1795.7		
T	44.171490000	5.284310000	1796.5		
T	44.171630000	5.284280000	1798.2		
T	44.171870000	5.284250000	1801.0		
T	44.172330000	5.284180000	1805.6		
T	44.172810000	5.284090000	1812.3		
T	44.173230000	5.284020000	1816.3		
T	44.173430000	5.283970000	1819.2		
T	44.173760000	5.283880000	1822.5		
T	44.173850000	5.283850000	1823.0		
T	44.173940000	5.283820000	1823.4		
T	44.174010000	5.283790000	1823.6		
T	44.174050000	5.283770000	1823.8		
T	44.174100000	5.283740000	1824.1		
T	44.174140000	5.283710000	1824.5		
T	44.174180000	5.283670000	1824.8		
T	44.174200000	5.283630000	1825.0		
T	44.174230000	5.283570000	1825.5		
T	44.174250000	5.283490000	1826.8		
T	44.174250000	5.283430000	1828.0		
T	44.174260000	5.283380000	1829.0		
T	44.174260000	5.283260000	1831.0		
T	44.174240000	5.283100000	1833.4		
T	44.174210000	5.282880000	1836.2		
T	44.174170000	5.282690000	1838.3		
T	44.174130000	5.282500000	1839.7		
T	44.174110000	5.282390000	1841.0		
T	44.174090000	5.282280000	1842.4		
T	44.174070000	5.282160000	1844.1		
T	44.174010000	5.281870000	1847.6		
T	44.173920000	5.281470000	1851.5		
T	44.173870000	5.281230000	1853.8		
T	44.173830000	5.281010000	1855.7		
T	44.173800000	5.280870000	1856.6		
T	44.173770000	5.280770000	1857.2		
T	44.173750000	5.280690000	1857.8		
T	44.173720000	5.280610000	1858.1		
T	44.173650000	5.280480000	1858.1		
T	44.173580000	5.280340000	1858.4		
T	44.173470000	5.280150000	1860.4		
T	44.173260000	5.279750000	1866.1		
T	44.173180000	5.279570000	1867.3		
T	44.173090000	5.279380000	1867.2		
T	44.173020000	5.279220000	1867.1		
T	44.172990000	5.279100000	1868.0		
T	44.172970000	5.278960000	1869.7		
T	44.172960000	5.278870000	1870.7		
T	44.172950000	5.278730000	1871.7		
T	44.172960000	5.278570000	1873.5		
T	44.172970000	5.278330000	1875.3		
T	44.172990000	5.278230000	1876.4		
T	44.173010000	5.278180000	1877.4		
T	44.173020000	5.278140000	1878.0		
T	44.173030000	5.278100000	1878.6		
T	44.173040000	5.278050000	1879.2		
T	44.173060000	5.278000000	1880.1		
T	44.173080000	5.277940000	1881.4		
T	44.173140000	5.277790000	1884.9		
T	44.173170000	5.277700000	1885.8		
T	44.173230000	5.277570000	1887.6		
T	44.173270000	5.277460000	1887.9		
T	44.173300000	5.277370000	1887.9		
T	44.173320000	5.277270000	1887.1		
T	44.173330000	5.277190000	1885.8		
T	44.173350000	5.277140000	1884.7		
T	44.173360000	5.277100000	1883.6		
T	44.173370000	5.277070000	1882.9		
T	44.173390000	5.277050000	1882.6		
T	44.173400000	5.277030000	1882.2		
T	44.173420000	5.277020000	1882.3		
T	44.173440000	5.277020000	1882.8		
T	44.173460000	5.277020000	1883.2		
T	44.173480000	5.277020000	1883.6		
T	44.173490000	5.277040000	1884.5		
T	44.173510000	5.277060000	1885.6		
T	44.173520000	5.277080000	1886.4		
T	44.173520000	5.277100000	1887.1		
T	44.173520000	5.277160000	1889.0		
T	44.173520000	5.277220000	1891.0		
T	44.173480000	5.277290000	1891.4		
T	44.173460000	5.277410000	1893.1		
T	44.173440000	5.277500000	1894.3		
T	44.173410000	5.277650000	1896.9		
T	44.173360000	5.277870000	1900.0		
T	44.173340000	5.277980000	1901.1		
T	44.173320000	5.278070000	1900.7		
T	44.173310000	5.278160000	1898.7		
T	44.173300000	5.278240000	1896.9		
T	44.173300000	5.278320000	1895.9		
T	44.173310000	5.278400000	1894.6		
T	44.173310000	5.278520000	1891.4		
T	44.173330000	5.278630000	1889.4		
T	44.173360000	5.278730000	1888.5		
T	44.173380000	5.278810000	1887.5		
T	44.173410000	5.278880000	1887.0		
T	44.173430000	5.278930000	1886.6		
T	44.173470000	5.278990000	1886.7		
T	44.173520000	5.279050000	1887.0		
T	44.173590000	5.279120000	1887.5		
T	44.173650000	5.279200000	1887.1		
T	44.173730000	5.279270000	1887.1		
T	44.173880000	5.279390000	1887.0		
T	44.173960000	5.279440000	1887.1		
T	44.174010000	5.279480000	1887.0		
T	44.174140000	5.279530000	1887.8		
T	44.174190000	5.279550000	1888.1		
T	44.174240000	5.279570000	1888.5		
T	44.174280000	5.279570000	1889.1		
T	44.174340000	5.279580000	1889.9		
