type	latitude	longitude	altitude (m)	name	desc
W	51.062265000	3.707181000	11.0	Gebroeders de Smetstraat, Ghent	
W	51.155883900	4.154441000	20.7	Sint-Niklaas	

type	latitude	longitude	altitude (m)	name	desc
T	51.062260000	3.707180000	11.0	Gebroeders de Smetstraat, Ghent - Sint-Niklaas	37.5 km, 1:55
T	51.062220000	3.707300000	11.0		
T	51.062180000	3.707360000	10.8		
T	51.062040000	3.707580000	10.2		
T	51.061720000	3.708040000	9.2		
T	51.061350000	3.708580000	8.7		
T	51.060810000	3.709460000	9.1		
T	51.060270000	3.710240000	10.0		
T	51.060180000	3.710370000	9.7		
T	51.059990000	3.710730000	8.4		
T	51.059930000	3.710860000	7.9		
T	51.059930000	3.710860000	7.9		
T	51.059830000	3.711100000	7.6		
T	51.059800000	3.711160000	7.7		
T	51.059720000	3.711300000	8.0		
T	51.059650000	3.711450000	8.4		
T	51.059590000	3.711570000	8.8		
T	51.059540000	3.711850000	9.0		
T	51.059540000	3.711850000	9.0		
T	51.059590000	3.711870000	9.0		
T	51.060150000	3.712520000	9.0		
T	51.060390000	3.712810000	8.9		
T	51.060620000	3.713130000	7.8		
T	51.060720000	3.713250000	7.6		
T	51.060960000	3.713570000	8.5		
T	51.062770000	3.715960000	6.1		
T	51.064080000	3.717720000	8.1		
T	51.064470000	3.718270000	8.7		
T	51.064590000	3.718440000	10.0		
T	51.064850000	3.718860000	11.0		
T	51.064880000	3.718910000	11.0		
T	51.064980000	3.719110000	11.0		
T	51.065030000	3.719230000	10.7		
T	51.065180000	3.719640000	10.2		
T	51.065250000	3.719810000	10.1		
T	51.065660000	3.721160000	6.7		
T	51.065870000	3.721810000	5.6		
T	51.065940000	3.722020000	6.7		
T	51.066190000	3.722830000	10.3		
T	51.066450000	3.723790000	9.9		
T	51.067030000	3.726180000	5.3		
T	51.067070000	3.726300000	5.5		
T	51.067130000	3.726530000	6.2		
T	51.067260000	3.726990000	8.5		
T	51.067300000	3.727140000	9.7		
T	51.067300000	3.727140000	9.7		
T	51.067440000	3.727650000	12.0		
T	51.067520000	3.727920000	13.1		
T	51.067600000	3.728230000	13.0		
T	51.067650000	3.728470000	12.6		
T	51.067670000	3.728550000	12.4		
T	51.067710000	3.728720000	12.1		
T	51.067730000	3.728900000	11.7		
T	51.067780000	3.729370000	11.3		
T	51.067760000	3.729490000	10.6		
T	51.067710000	3.730510000	5.2		
T	51.067720000	3.731010000	2.9		
T	51.067740000	3.731300000	1.5		
T	51.067760000	3.731670000	0.3		
T	51.067780000	3.731840000	0.0		
T	51.067790000	3.732060000	0.5		
T	51.067800000	3.732270000	1.5		
T	51.067810000	3.732470000	2.9		
T	51.067810000	3.732490000	3.0		
T	51.067810000	3.732570000	3.6		
T	51.067810000	3.732680000	4.3		
T	51.067800000	3.732750000	4.8		
T	51.067790000	3.732820000	5.0		
T	51.067750000	3.732930000	5.1		
T	51.067720000	3.732980000	5.2		
T	51.067690000	3.733040000	5.3		
T	51.067660000	3.733070000	5.5		
T	51.067620000	3.733110000	5.9		
T	51.067550000	3.733160000	6.5		
T	51.067540000	3.733170000	6.6		
T	51.067440000	3.733230000	7.6		
T	51.066400000	3.733750000	8.9		
T	51.066340000	3.733780000	9.0		
T	51.066180000	3.733850000	9.0		
T	51.066130000	3.733880000	9.0		
T	51.065870000	3.733990000	7.7		
T	51.065750000	3.734050000	7.4		
T	51.065580000	3.734120000	7.2		
T	51.065280000	3.734250000	6.3		
T	51.065180000	3.734270000	6.4		
T	51.065080000	3.734330000	6.6		
T	51.064980000	3.734370000	6.7		
T	51.064900000	3.734400000	6.5		
T	51.064830000	3.734420000	6.3		
T	51.064780000	3.734430000	6.2		
T	51.064730000	3.734420000	5.9		
T	51.064670000	3.734390000	5.7		
T	51.064580000	3.734340000	5.3		
T	51.064510000	3.734290000	5.1		
T	51.064420000	3.734210000	5.1		
T	51.064370000	3.734160000	5.3		
T	51.064310000	3.734130000	5.5		
T	51.064250000	3.734110000	5.7		
T	51.064190000	3.734090000	5.9		
T	51.064110000	3.734080000	6.3		
T	51.064030000	3.734110000	6.6		
T	51.063940000	3.734140000	6.9		
T	51.063810000	3.734200000	7.4		
T	51.063590000	3.734320000	8.0		
T	51.063070000	3.734540000	11.2		
T	51.062910000	3.734620000	11.1		
T	51.062200000	3.734960000	9.8		
T	51.062010000	3.735050000	8.5		
T	51.061940000	3.735100000	8.0		
T	51.061890000	3.735140000	7.9		
T	51.061840000	3.735190000	7.7		
T	51.061780000	3.735240000	7.5		
T	51.061740000	3.735300000	7.2		
T	51.061690000	3.735380000	6.7		
T	51.061570000	3.735600000	5.8		
T	51.061480000	3.735780000	5.2		
T	51.061390000	3.735960000	4.5		
T	51.061320000	3.736060000	5.1		
T	51.061250000	3.736130000	5.9		
T	51.061170000	3.736180000	6.7		
T	51.061140000	3.736190000	7.0		
T	51.060860000	3.736320000	7.4		
T	51.060520000	3.736470000	5.7		
T	51.059930000	3.736760000	11.2		
T	51.059700000	3.736860000	14.3		
T	51.059600000	3.736920000	14.1		
T	51.059510000	3.737000000	13.8		
T	51.059220000	3.737140000	14.2		
T	51.058830000	3.737320000	8.7		
T	51.058460000	3.737530000	6.4		
T	51.058310000	3.737620000	6.8		
T	51.058230000	3.737670000	7.3		
T	51.057990000	3.737780000	8.2		
T	51.057890000	3.737830000	8.5		
T	51.057880000	3.737830000	8.5		
T	51.057610000	3.737960000	8.1		
T	51.057500000	3.737970000	8.0		
T	51.057410000	3.738010000	8.0		
T	51.057350000	3.738040000	8.0		
T	51.057260000	3.738110000	7.8		
T	51.057160000	3.738200000	7.1		
T	51.057000000	3.738360000	5.3		
T	51.056940000	3.738330000	5.0		
T	51.056880000	3.738320000	4.9		
T	51.056830000	3.738330000	4.6		
T	51.056780000	3.738350000	4.3		
T	51.056630000	3.738420000	4.0		
T	51.056290000	3.738610000	6.1		
T	51.056220000	3.738710000	6.1		
T	51.056220000	3.738710000	6.1		
T	51.056220000	3.738960000	4.9		
T	51.056250000	3.739140000	5.0		
T	51.056270000	3.739280000	5.3		
T	51.056310000	3.739430000	5.5		
T	51.056360000	3.739550000	6.0		
T	51.056410000	3.739640000	6.3		
T	51.056450000	3.739690000	6.3		
T	51.056460000	3.739710000	6.4		
T	51.056520000	3.739770000	6.4		
T	51.056530000	3.739780000	6.4		
T	51.056590000	3.739810000	6.2		
T	51.056680000	3.739850000	5.9		
T	51.056950000	3.740150000	8.0		
T	51.056990000	3.740180000	8.0		
T	51.057060000	3.740230000	8.0		
T	51.057110000	3.740260000	8.0		
T	51.057130000	3.740290000	8.0		
T	51.057150000	3.740310000	8.0		
T	51.057170000	3.740350000	8.0		
T	51.057180000	3.740380000	8.1		
T	51.057180000	3.740400000	8.1		
T	51.057190000	3.740450000	8.1		
T	51.057190000	3.740720000	7.0		
T	51.057200000	3.741010000	4.9		
T	51.057210000	3.741190000	4.6		
T	51.057240000	3.741610000	7.6		
T	51.057260000	3.741750000	8.0		
T	51.057290000	3.741920000	8.0		
T	51.057370000	3.742250000	9.0		
T	51.057400000	3.742390000	9.0		
T	51.057440000	3.742560000	9.0		
T	51.057610000	3.743330000	8.4		
T	51.057680000	3.743560000	8.9		
T	51.057780000	3.744060000	10.0		
T	51.057910000	3.744670000	10.5		
T	51.058050000	3.745310000	11.0		
T	51.058100000	3.745480000	10.9		
T	51.058200000	3.745890000	10.5		
T	51.058340000	3.746480000	10.0		
T	51.058760000	3.748320000	9.0		
T	51.058910000	3.748970000	8.1		
T	51.058990000	3.749320000	8.2		
T	51.059020000	3.749440000	8.0		
T	51.059100000	3.749820000	8.0		
T	51.059370000	3.751060000	7.4		
T	51.059960000	3.753690000	5.9		
T	51.059990000	3.753860000	5.1		
T	51.060230000	3.754930000	7.5		
T	51.060420000	3.755800000	7.1		
T	51.060550000	3.756350000	6.1		
T	51.060710000	3.757070000	5.7		
T	51.060790000	3.757420000	5.7		
T	51.061130000	3.758950000	4.9		
T	51.061340000	3.759870000	6.0		
T	51.061380000	3.760050000	7.1		
T	51.061420000	3.760200000	7.9		
T	51.061490000	3.760520000	10.5		
T	51.061590000	3.760920000	9.8		
T	51.061630000	3.761060000	9.1		
T	51.061690000	3.761280000	9.0		
T	51.061780000	3.761530000	8.3		
T	51.061830000	3.761670000	7.4		
T	51.061930000	3.761960000	8.2		
T	51.062060000	3.762320000	8.6		
T	51.062310000	3.762860000	7.6		
T	51.062510000	3.763230000	8.6		
T	51.062840000	3.763760000	8.3		
T	51.063010000	3.764010000	8.2		
T	51.063250000	3.764330000	9.0		
T	51.063780000	3.764880000	9.2		
T	51.064170000	3.765220000	9.0		
T	51.064400000	3.765390000	10.6		
T	51.064770000	3.765600000	7.5		
T	51.064820000	3.765620000	7.1		
T	51.065650000	3.766010000	6.7		
T	51.066140000	3.766250000	4.6		
T	51.066230000	3.766300000	4.8		
T	51.066380000	3.766370000	5.0		
T	51.066900000	3.766610000	5.2		
T	51.068320000	3.767280000	9.9		
T	51.068360000	3.767310000	10.0		
T	51.068650000	3.767510000	10.0		
T	51.068750000	3.767590000	10.2		
T	51.068980000	3.767780000	11.0		
T	51.069190000	3.768000000	10.8		
T	51.069300000	3.768120000	10.0		
T	51.069390000	3.768210000	9.7		
T	51.069670000	3.768580000	10.1		
T	51.069790000	3.768760000	9.2		
T	51.069930000	3.768980000	7.9		
T	51.070000000	3.769080000	7.3		
T	51.070080000	3.769230000	6.5		
T	51.070230000	3.769530000	6.0		
T	51.070340000	3.769750000	6.5		
T	51.070400000	3.769890000	7.5		
T	51.070460000	3.770020000	8.3		
T	51.070630000	3.770480000	9.1		
T	51.070730000	3.770760000	8.3		
T	51.070810000	3.771010000	7.4		
T	51.070990000	3.771560000	7.0		
T	51.071390000	3.772740000	8.9		
T	51.071530000	3.773080000	7.4		
T	51.071620000	3.773300000	5.6		
T	51.071740000	3.773570000	5.5		
T	51.071870000	3.773810000	7.2		
T	51.071970000	3.774010000	7.7		
T	51.072680000	3.775440000	6.6		
T	51.072860000	3.775780000	6.8		
T	51.072910000	3.775890000	6.4		
T	51.073010000	3.776080000	5.4		
T	51.073160000	3.776370000	5.0		
T	51.073350000	3.776730000	5.2		
T	51.073490000	3.776990000	5.7		
T	51.073660000	3.777270000	6.0		
T	51.073900000	3.777640000	6.5		
T	51.074060000	3.777890000	6.8		
T	51.074400000	3.778360000	8.8		
T	51.074630000	3.778650000	8.5		
T	51.074750000	3.778780000	8.5		
T	51.074830000	3.778880000	8.8		
T	51.074900000	3.778970000	9.3		
T	51.074980000	3.779060000	9.9		
T	51.075280000	3.779390000	8.0		
T	51.076160000	3.780370000	7.9		
T	51.076610000	3.780860000	8.8		
T	51.077360000	3.781700000	9.5		
T	51.078180000	3.782650000	7.5		
T	51.078300000	3.782820000	7.0		
T	51.078480000	3.783070000	7.5		
T	51.078730000	3.783480000	7.9		
T	51.078980000	3.783860000	8.1		
T	51.079230000	3.784330000	7.4		
T	51.079490000	3.784860000	6.5		
T	51.079750000	3.785420000	6.9		
T	51.079830000	3.785590000	6.6		
T	51.080180000	3.786380000	6.6		
T	51.080240000	3.786610000	6.9		
T	51.080400000	3.786980000	6.5		
T	51.080550000	3.787320000	5.0		
T	51.080640000	3.787530000	5.0		
T	51.081040000	3.788400000	6.0		
T	51.081150000	3.788660000	5.9		
T	51.081360000	3.789110000	6.0		
T	51.081430000	3.789280000	6.0		
T	51.081580000	3.789490000	6.0		
T	51.081940000	3.790280000	6.0		
T	51.082000000	3.790410000	6.6		
T	51.082130000	3.790710000	7.4		
T	51.082230000	3.790920000	8.6		
T	51.082360000	3.791210000	9.7		
T	51.082440000	3.791380000	10.0		
T	51.082550000	3.791620000	10.7		
T	51.082550000	3.791630000	10.7		
T	51.082630000	3.791810000	10.5		
T	51.082760000	3.792080000	10.1		
T	51.082830000	3.792240000	9.4		
T	51.082960000	3.792550000	8.2		
T	51.083100000	3.792880000	8.3		
T	51.083280000	3.793340000	9.2		
T	51.083390000	3.793630000	8.8		
T	51.083390000	3.793650000	8.8		
T	51.083560000	3.794130000	8.0		
T	51.083710000	3.794540000	7.4		
T	51.084040000	3.795490000	7.7		
T	51.084220000	3.795990000	7.1		
T	51.084260000	3.796130000	7.3		
T	51.084550000	3.796950000	7.6		
T	51.084720000	3.797430000	7.0		
T	51.085490000	3.799630000	5.0		
T	51.085640000	3.800070000	5.2		
T	51.085710000	3.800270000	5.4		
T	51.085790000	3.800520000	6.2		
T	51.086110000	3.801420000	7.1		
T	51.086450000	3.802400000	7.4		
T	51.087670000	3.805880000	5.6		
T	51.087880000	3.806490000	6.0		
T	51.087920000	3.806590000	6.2		
T	51.087990000	3.806800000	6.6		
T	51.088180000	3.807340000	7.6		
T	51.088250000	3.807520000	7.3		
T	51.088250000	3.807530000	7.4		
T	51.088510000	3.808280000	7.1		
T	51.088620000	3.808620000	6.9		
T	51.088710000	3.808900000	6.0		
T	51.088880000	3.809350000	6.0		
T	51.089250000	3.810400000	6.4		
T	51.089300000	3.810530000	6.9		
T	51.089360000	3.810720000	7.0		
T	51.089520000	3.811160000	6.0		
T	51.089680000	3.811620000	6.7		
T	51.089910000	3.812300000	5.9		
T	51.089940000	3.812390000	5.9		
T	51.090110000	3.812860000	5.0		
T	51.090180000	3.813060000	5.0		
T	51.090290000	3.813370000	5.0		
T	51.090360000	3.813580000	5.3		
T	51.090600000	3.814290000	7.6		
T	51.090780000	3.814770000	8.7		
T	51.091060000	3.815590000	5.3		
T	51.091530000	3.816910000	5.0		
T	51.091900000	3.817960000	6.0		
T	51.092230000	3.818930000	6.1		
T	51.092530000	3.819770000	8.0		
T	51.092750000	3.820400000	7.1		
T	51.092800000	3.820690000	7.0		
T	51.092960000	3.821180000	7.7		
T	51.093200000	3.821890000	8.0		
T	51.093350000	3.822330000	7.9		
T	51.093450000	3.822610000	7.7		
T	51.093560000	3.822890000	8.0		
T	51.093600000	3.822980000	8.0		
T	51.093670000	3.823180000	7.4		
T	51.093820000	3.823600000	7.0		
T	51.093880000	3.823770000	7.0		
T	51.093950000	3.823970000	7.4		
T	51.094030000	3.824210000	8.2		
T	51.094100000	3.824470000	9.0		
T	51.094200000	3.824790000	9.1		
T	51.094280000	3.825110000	9.4		
T	51.094470000	3.825870000	9.0		
T	51.094580000	3.826300000	8.5		
T	51.094810000	3.827200000	7.1		
T	51.094970000	3.827870000	7.9		
T	51.095170000	3.828660000	7.8		
T	51.095300000	3.829190000	7.0		
T	51.095520000	3.830070000	9.0		
T	51.095650000	3.830610000	8.7		
T	51.095710000	3.830830000	8.4		
T	51.095750000	3.831010000	8.9		
T	51.095790000	3.831220000	9.2		
T	51.095810000	3.831390000	9.1		
T	51.095840000	3.831530000	9.5		
T	51.095920000	3.831930000	10.0		
T	51.096060000	3.832530000	9.7		
T	51.096200000	3.833060000	9.0		
T	51.096300000	3.833450000	9.7		
T	51.096470000	3.834070000	8.0		
T	51.096530000	3.834280000	7.3		
T	51.096650000	3.834710000	7.9		
T	51.096730000	3.835020000	9.0		
T	51.096760000	3.835170000	9.0		
T	51.096800000	3.835320000	9.1		
T	51.096890000	3.835670000	9.2		
T	51.096950000	3.835880000	8.8		
T	51.097020000	3.836160000	7.7		
T	51.097040000	3.836270000	7.7		
T	51.097170000	3.836760000	8.0		
T	51.097340000	3.837440000	7.6		
T	51.097340000	3.837450000	7.6		
T	51.097430000	3.837810000	6.2		
T	51.097620000	3.838540000	5.0		
T	51.097630000	3.838570000	5.0		
T	51.097710000	3.838860000	5.7		
T	51.097750000	3.838980000	5.9		
T	51.097790000	3.839100000	6.0		
T	51.097840000	3.839270000	6.1		
T	51.098050000	3.840160000	7.0		
T	51.098200000	3.840760000	8.0		
T	51.098550000	3.842170000	7.4		
T	51.098690000	3.842740000	6.7		
T	51.098770000	3.843070000	6.4		
T	51.098800000	3.843250000	6.1		
T	51.098840000	3.843430000	6.0		
T	51.098860000	3.843560000	6.0		
T	51.098890000	3.843680000	6.0		
T	51.098910000	3.843790000	6.0		
T	51.098980000	3.844040000	6.3		
T	51.099030000	3.844280000	6.5		
T	51.099120000	3.844630000	6.8		
T	51.099340000	3.845520000	6.4		
T	51.099430000	3.845880000	6.2		
T	51.099570000	3.846430000	6.5		
T	51.099670000	3.846820000	6.0		
T	51.100050000	3.848360000	6.0		
T	51.100110000	3.848580000	6.0		
T	51.100110000	3.848600000	6.0		
T	51.100120000	3.848620000	6.0		
T	51.100130000	3.848640000	6.0		
T	51.100160000	3.848690000	6.0		
T	51.100370000	3.849520000	6.3		
T	51.100460000	3.849890000	6.1		
T	51.100550000	3.850250000	6.0		
T	51.100680000	3.850780000	6.1		
T	51.100720000	3.850950000	5.6		
T	51.100790000	3.851230000	5.0		
T	51.101400000	3.853650000	7.8		
T	51.101560000	3.854300000	4.9		
T	51.101650000	3.854690000	4.1		
T	51.101720000	3.855000000	4.2		
T	51.101860000	3.855680000	6.4		
T	51.101910000	3.855940000	6.4		
T	51.102000000	3.856450000	5.0		
T	51.102290000	3.857980000	8.0		
T	51.102390000	3.858500000	7.6		
T	51.102660000	3.859940000	7.3		
T	51.102760000	3.860480000	6.3		
T	51.102870000	3.861010000	6.8		
T	51.102930000	3.861280000	7.0		
T	51.102980000	3.861500000	7.0		
T	51.103050000	3.861740000	7.0		
T	51.103160000	3.862060000	6.6		
T	51.103360000	3.862650000	6.5		
T	51.103580000	3.863280000	7.0		
T	51.103740000	3.863740000	5.8		
T	51.103900000	3.864190000	5.0		
T	51.104190000	3.864990000	5.8		
T	51.104590000	3.866150000	8.0		
T	51.104610000	3.866240000	7.8		
T	51.104620000	3.866300000	7.7		
T	51.104740000	3.866660000	6.9		
T	51.104850000	3.866990000	7.3		
T	51.105020000	3.867470000	7.9		
T	51.105540000	3.869000000	6.9		
T	51.105590000	3.869110000	6.9		
T	51.105660000	3.869350000	6.2		
T	51.105790000	3.869740000	5.8		
T	51.105870000	3.870010000	5.0		
T	51.105980000	3.870420000	5.0		
T	51.106120000	3.871030000	5.7		
T	51.106190000	3.871320000	6.3		
T	51.106220000	3.871500000	6.6		
T	51.106310000	3.871970000	6.9		
T	51.106360000	3.872260000	6.0		
T	51.106530000	3.873310000	5.6		
T	51.106890000	3.875650000	6.5		
T	51.106890000	3.875670000	6.5		
T	51.107050000	3.876670000	4.0		
T	51.107150000	3.877380000	3.8		
T	51.107150000	3.877400000	3.9		
T	51.107250000	3.878280000	6.0		
T	51.107390000	3.879490000	4.6		
T	51.107490000	3.880460000	6.0		
T	51.107530000	3.880830000	6.1		
T	51.107540000	3.881060000	6.1		
T	51.107560000	3.881360000	6.2		
T	51.107570000	3.881560000	6.3		
T	51.107580000	3.881860000	6.8		
T	51.107580000	3.882140000	7.7		
T	51.107580000	3.882340000	8.0		
T	51.107570000	3.882530000	8.0		
T	51.107570000	3.882600000	8.1		
T	51.107570000	3.883070000	8.3		
T	51.107550000	3.883260000	8.2		
T	51.107530000	3.883550000	8.1		
T	51.107520000	3.883690000	8.1		
T	51.107510000	3.883890000	8.0		
T	51.107500000	3.884050000	8.0		
T	51.107490000	3.884230000	7.8		
T	51.107470000	3.884410000	7.3		
T	51.107450000	3.884650000	7.4		
T	51.107430000	3.884860000	7.9		
T	51.107430000	3.884910000	8.0		
T	51.107430000	3.884950000	8.1		
T	51.107440000	3.885050000	8.2		
T	51.107390000	3.885470000	7.7		
T	51.107290000	3.886290000	6.2		
T	51.107250000	3.886610000	5.5		
T	51.107220000	3.886950000	5.0		
T	51.107190000	3.887370000	5.8		
T	51.107170000	3.887600000	6.0		
T	51.107150000	3.887880000	6.5		
T	51.107140000	3.888180000	6.1		
T	51.107130000	3.888710000	5.3		
T	51.107120000	3.889780000	5.7		
T	51.107120000	3.890430000	6.0		
T	51.107110000	3.890890000	5.9		
T	51.107110000	3.891810000	5.4		
T	51.107110000	3.892100000	6.0		
T	51.107110000	3.892580000	6.6		
T	51.107110000	3.892720000	6.9		
T	51.107110000	3.893090000	7.1		
T	51.107120000	3.893460000	8.0		
T	51.107130000	3.893580000	8.0		
T	51.107140000	3.893830000	8.0		
T	51.107170000	3.894280000	8.0		
T	51.107190000	3.894580000	8.0		
T	51.107280000	3.895340000	9.2		
T	51.107340000	3.895770000	9.1		
T	51.107380000	3.896090000	8.6		
T	51.107410000	3.896380000	8.7		
T	51.107440000	3.896650000	9.5		
T	51.107450000	3.896810000	9.6		
T	51.107460000	3.897010000	9.7		
T	51.107470000	3.897240000	9.8		
T	51.107480000	3.897620000	9.9		
T	51.107490000	3.898280000	9.2		
T	51.107490000	3.898880000	7.0		
T	51.107490000	3.900200000	7.0		
T	51.107490000	3.900600000	8.0		
T	51.107490000	3.900790000	8.0		
T	51.107490000	3.900930000	8.0		
T	51.107490000	3.901670000	9.0		
T	51.107490000	3.902000000	9.0		
T	51.107490000	3.902410000	9.0		
T	51.107500000	3.902660000	9.0		
T	51.107510000	3.902840000	8.9		
T	51.107530000	3.903080000	8.7		
T	51.107550000	3.903240000	8.2		
T	51.107570000	3.903360000	8.0		
T	51.107590000	3.903460000	8.0		
T	51.107630000	3.903710000	8.4		
T	51.107670000	3.903880000	9.0		
T	51.107750000	3.904270000	8.5		
T	51.107890000	3.904870000	7.7		
T	51.108370000	3.907060000	7.8		
T	51.108650000	3.908350000	6.0		
T	51.108800000	3.909030000	7.0		
T	51.108970000	3.909820000	5.5		
T	51.109130000	3.910540000	5.0		
T	51.109310000	3.911390000	7.0		
T	51.109360000	3.911610000	6.6		
T	51.109420000	3.911840000	6.3		
T	51.109460000	3.912030000	5.8		
T	51.109520000	3.912240000	5.5		
T	51.109590000	3.912450000	5.6		
T	51.109650000	3.912660000	5.2		
T	51.109750000	3.912940000	4.4		
T	51.110040000	3.913870000	4.1		
T	51.110160000	3.914280000	3.6		
T	51.110230000	3.914520000	3.0		
T	51.110280000	3.914720000	3.0		
T	51.110330000	3.914930000	3.6		
T	51.110410000	3.915270000	3.5		
T	51.110450000	3.915460000	4.0		
T	51.110530000	3.915860000	4.2		
T	51.110570000	3.916070000	4.9		
T	51.110620000	3.916360000	5.2		
T	51.110690000	3.916830000	6.5		
T	51.110750000	3.917270000	6.9		
T	51.110780000	3.917570000	5.9		
T	51.110810000	3.917820000	4.9		
T	51.110840000	3.918200000	3.5		
T	51.110860000	3.918540000	3.1		
T	51.110870000	3.918760000	2.7		
T	51.110880000	3.918850000	2.5		
T	51.110910000	3.919330000	3.0		
T	51.110930000	3.919730000	3.4		
T	51.110990000	3.921320000	4.0		
T	51.111060000	3.922860000	5.2		
T	51.111090000	3.923590000	5.0		
T	51.111100000	3.923830000	4.2		
T	51.111130000	3.924330000	5.5		
T	51.111140000	3.924500000	5.9		
T	51.111160000	3.925150000	6.8		
T	51.111170000	3.925360000	6.9		
T	51.111210000	3.926290000	5.6		
T	51.111240000	3.927030000	3.7		
T	51.111270000	3.927560000	2.9		
T	51.111340000	3.928710000	3.7		
T	51.111370000	3.929100000	4.1		
T	51.111380000	3.929330000	3.4		
T	51.111440000	3.930000000	4.0		
T	51.111510000	3.930520000	4.0		
T	51.111610000	3.931140000	4.0		
T	51.111700000	3.931610000	4.0		
T	51.111990000	3.933100000	4.9		
T	51.112170000	3.934020000	5.0		
T	51.112250000	3.934440000	5.0		
T	51.112310000	3.934740000	5.1		
T	51.112330000	3.934840000	5.4		
T	51.112420000	3.935250000	6.0		
T	51.112470000	3.935480000	6.0		
T	51.112490000	3.935580000	5.9		
T	51.112720000	3.936550000	4.1		
T	51.112760000	3.936740000	4.0		
T	51.113240000	3.938730000	6.7		
T	51.113240000	3.938750000	6.7		
T	51.113540000	3.939940000	6.0		
T	51.113820000	3.940980000	3.6		
T	51.113850000	3.941200000	3.7		
T	51.113980000	3.941710000	4.5		
T	51.114030000	3.941900000	4.2		
T	51.114190000	3.942580000	2.9		
T	51.114250000	3.942860000	2.9		
T	51.114290000	3.943080000	3.3		
T	51.114330000	3.943310000	3.2		
T	51.114360000	3.943500000	3.6		
T	51.114400000	3.943850000	4.8		
T	51.114430000	3.944190000	4.9		
T	51.114450000	3.944470000	4.1		
T	51.114460000	3.944710000	4.9		
T	51.114470000	3.944900000	5.5		
T	51.114480000	3.945050000	5.8		
T	51.114510000	3.945290000	5.8		
T	51.114480000	3.945350000	6.2		
T	51.114470000	3.945380000	6.3		
T	51.114460000	3.945430000	6.5		
T	51.114450000	3.945460000	6.6		
T	51.114450000	3.945530000	6.9		
T	51.114460000	3.945600000	6.8		
T	51.114470000	3.945640000	6.7		
T	51.114490000	3.945680000	6.6		
T	51.114500000	3.945710000	6.6		
T	51.114520000	3.945730000	6.5		
T	51.114550000	3.945770000	6.5		
T	51.114490000	3.946160000	5.2		
T	51.114470000	3.946380000	5.1		
T	51.114460000	3.946590000	4.3		
T	51.114470000	3.946950000	4.1		
T	51.114550000	3.948510000	6.0		
T	51.114590000	3.949200000	5.4		
T	51.114610000	3.949470000	4.4		
T	51.114650000	3.949620000	4.3		
T	51.114660000	3.950810000	5.0		
T	51.114650000	3.951700000	4.7		
T	51.114650000	3.951780000	4.7		
T	51.114610000	3.952490000	4.4		
T	51.114600000	3.952680000	5.1		
T	51.114550000	3.953580000	6.7		
T	51.114510000	3.954090000	5.8		
T	51.114480000	3.954350000	5.2		
T	51.114400000	3.955050000	4.0		
T	51.114350000	3.955440000	3.1		
T	51.114320000	3.955660000	2.6		
T	51.114290000	3.955900000	2.2		
T	51.114220000	3.956210000	1.2		
T	51.114180000	3.956380000	1.0		
T	51.114120000	3.956590000	1.6		
T	51.114050000	3.956820000	1.8		
T	51.113960000	3.957080000	2.5		
T	51.113750000	3.957580000	3.3		
T	51.113730000	3.957620000	3.4		
T	51.113540000	3.957980000	3.7		
T	51.113370000	3.958300000	3.0		
T	51.113230000	3.958550000	3.0		
T	51.113060000	3.958860000	3.9		
T	51.112840000	3.959280000	4.8		
T	51.112550000	3.959850000	4.9		
T	51.112540000	3.959850000	4.9		
T	51.112450000	3.960040000	5.0		
T	51.112410000	3.960050000	5.0		
T	51.112390000	3.960060000	5.0		
T	51.112360000	3.960100000	5.0		
T	51.112200000	3.960380000	4.9		
T	51.111860000	3.960950000	4.3		
T	51.111800000	3.961040000	3.7		
T	51.111680000	3.961250000	3.0		
T	51.111570000	3.961430000	3.0		
T	51.111470000	3.961620000	3.0		
T	51.111400000	3.961760000	3.0		
T	51.111310000	3.961950000	3.3		
T	51.111280000	3.962040000	3.0		
T	51.111260000	3.962180000	2.6		
T	51.111110000	3.962650000	3.5		
T	51.111040000	3.962890000	4.0		
T	51.111000000	3.963040000	4.0		
T	51.110960000	3.963240000	4.3		
T	51.110910000	3.963530000	4.3		
T	51.110800000	3.964120000	4.1		
T	51.110760000	3.964280000	4.6		
T	51.110730000	3.964430000	5.0		
T	51.110660000	3.964660000	5.8		
T	51.110640000	3.964750000	6.1		
T	51.110610000	3.964860000	6.5		
T	51.110410000	3.965530000	7.0		
T	51.110240000	3.966100000	6.2		
T	51.110100000	3.966740000	7.1		
T	51.109970000	3.967560000	5.7		
T	51.109910000	3.967960000	4.7		
T	51.109890000	3.968100000	4.5		
T	51.109890000	3.968120000	4.5		
T	51.109830000	3.968630000	3.4		
T	51.109760000	3.969270000	2.7		
T	51.109730000	3.969520000	2.0		
T	51.109720000	3.969810000	2.3		
T	51.109700000	3.970240000	3.9		
T	51.109690000	3.970270000	4.0		
T	51.109690000	3.970820000	5.0		
T	51.109690000	3.971270000	5.0		
T	51.109710000	3.972280000	2.1		
T	51.109710000	3.972540000	2.2		
T	51.109760000	3.974390000	2.5		
T	51.109770000	3.974820000	3.7		
T	51.109800000	3.975980000	5.9		
T	51.109800000	3.976110000	5.7		
T	51.109810000	3.976160000	5.7		
T	51.109820000	3.976640000	5.1		
T	51.109830000	3.976860000	5.3		
T	51.109840000	3.977100000	5.3		
T	51.109870000	3.977530000	5.6		
T	51.109920000	3.977970000	6.1		
T	51.109990000	3.978470000	6.0		
T	51.110030000	3.978720000	5.8		
T	51.110140000	3.979260000	4.8		
T	51.110200000	3.979560000	4.3		
T	51.110230000	3.979680000	4.2		
T	51.110460000	3.980570000	4.0		
T	51.110570000	3.981010000	5.6		
T	51.110660000	3.981360000	6.0		
T	51.110790000	3.981880000	6.8		
T	51.110970000	3.982530000	5.5		
T	51.111170000	3.983300000	6.1		
T	51.111370000	3.983980000	5.1		
T	51.111410000	3.984120000	5.0		
T	51.111580000	3.984600000	5.0		
T	51.111830000	3.985270000	5.0		
T	51.111950000	3.985560000	4.0		
T	51.112150000	3.986070000	5.5		
T	51.112260000	3.986360000	5.9		
T	51.112350000	3.986590000	5.1		
T	51.112490000	3.987020000	5.0		
T	51.112560000	3.987210000	4.8		
T	51.112660000	3.987610000	5.4		
T	51.112700000	3.987780000	5.8		
T	51.112750000	3.988010000	6.1		
T	51.112820000	3.988370000	6.9		
T	51.112910000	3.988900000	8.0		
T	51.112960000	3.989290000	7.6		
T	51.113070000	3.990160000	6.2		
T	51.113070000	3.990160000	6.2		
T	51.112960000	3.990440000	6.2		
T	51.112870000	3.990920000	5.0		
T	51.112650000	3.992000000	5.2		
T	51.112610000	3.992240000	6.1		
T	51.112500000	3.992790000	8.0		
T	51.112450000	3.992980000	7.8		
T	51.112430000	3.993130000	7.7		
T	51.112420000	3.993240000	7.7		
T	51.112420000	3.993420000	7.6		
T	51.112440000	3.993590000	7.6		
T	51.112470000	3.993730000	7.7		
T	51.112540000	3.993950000	8.0		
T	51.112640000	3.994100000	7.9		
T	51.112690000	3.994160000	7.7		
T	51.112770000	3.994250000	7.1		
T	51.112950000	3.994460000	6.2		
T	51.112950000	3.994460000	6.2		
T	51.113220000	3.994530000	7.3		
T	51.113450000	3.994580000	7.5		
T	51.113580000	3.994570000	7.5		
T	51.113610000	3.994570000	7.5		
T	51.113690000	3.994570000	7.5		
T	51.113800000	3.994540000	7.7		
T	51.113800000	3.994540000	7.7		
T	51.113830000	3.994770000	6.8		
T	51.113920000	3.995140000	6.1		
T	51.114200000	3.996070000	5.1		
T	51.114440000	3.996900000	7.0		
T	51.114550000	3.997170000	6.6		
T	51.114680000	3.997420000	6.8		
T	51.114770000	3.997640000	7.4		
T	51.114830000	3.997880000	8.0		
T	51.114950000	3.998550000	9.0		
T	51.114980000	3.998780000	8.4		
T	51.115630000	4.002580000	4.7		
T	51.115780000	4.003690000	5.3		
T	51.115840000	4.004720000	6.0		
T	51.115850000	4.004880000	6.0		
T	51.116000000	4.005270000	6.0		
T	51.116000000	4.005270000	6.0		
T	51.116490000	4.006380000	4.0		
T	51.116620000	4.006640000	3.8		
T	51.116770000	4.006830000	4.0		
T	51.116860000	4.006990000	3.8		
T	51.116970000	4.007100000	3.4		
T	51.116970000	4.007110000	3.4		
T	51.116970000	4.007110000	3.4		
T	51.119340000	4.012540000	4.0		
T	51.120000000	4.014060000	5.0		
T	51.121440000	4.017530000	3.8		
T	51.121440000	4.017560000	3.9		
T	51.121450000	4.017600000	3.9		
T	51.121420000	4.017740000	4.0		
T	51.121420000	4.017770000	4.0		
T	51.121430000	4.017790000	4.0		
T	51.123860000	4.023300000	2.9		
T	51.123860000	4.023300000	2.9		
T	51.123860000	4.023330000	2.9		
T	51.123870000	4.023370000	2.9		
T	51.123890000	4.023410000	3.0		
T	51.124130000	4.023960000	4.0		
T	51.124260000	4.024260000	4.0		
T	51.124400000	4.024500000	4.0		
T	51.124570000	4.024780000	4.0		
T	51.124670000	4.024970000	4.0		
T	51.124750000	4.025120000	4.1		
T	51.124880000	4.025430000	4.8		
T	51.124980000	4.025660000	5.0		
T	51.125170000	4.026070000	5.5		
T	51.125370000	4.026500000	5.4		
T	51.125570000	4.026970000	4.9		
T	51.125800000	4.027460000	4.0		
T	51.125990000	4.027880000	5.0		
T	51.126070000	4.028090000	5.0		
T	51.126190000	4.028440000	5.0		
T	51.126270000	4.028680000	4.9		
T	51.126280000	4.028690000	4.9		
T	51.126300000	4.028740000	4.9		
T	51.126300000	4.028740000	4.9		
T	51.126280000	4.028790000	4.7		
T	51.126230000	4.028830000	4.5		
T	51.126200000	4.028850000	4.4		
T	51.126180000	4.028860000	4.3		
T	51.126140000	4.028900000	4.1		
T	51.126120000	4.028930000	4.0		
T	51.126120000	4.028930000	4.0		
T	51.126270000	4.029280000	5.0		
T	51.126460000	4.029750000	6.0		
T	51.126530000	4.030050000	6.0		
T	51.126650000	4.030660000	5.9		
T	51.126740000	4.031130000	5.7		
T	51.126800000	4.031380000	5.5		
T	51.126920000	4.031690000	6.0		
T	51.127220000	4.032450000	7.0		
T	51.127470000	4.033200000	4.6		
T	51.127490000	4.033300000	4.2		
T	51.127500000	4.033360000	4.0		
T	51.127500000	4.033440000	4.0		
T	51.127500000	4.033440000	4.0		
T	51.127640000	4.033850000	4.4		
T	51.127840000	4.034570000	4.8		
T	51.127960000	4.034980000	3.4		
T	51.128000000	4.035180000	3.7		
T	51.128040000	4.035370000	4.3		
T	51.128100000	4.035720000	5.0		
T	51.128170000	4.036110000	5.0		
T	51.128230000	4.036410000	5.1		
T	51.128260000	4.036550000	5.6		
T	51.128280000	4.036660000	6.0		
T	51.128320000	4.036780000	6.4		
T	51.128440000	4.037180000	8.3		
T	51.128520000	4.037470000	8.3		
T	51.128550000	4.037530000	8.3		
T	51.128590000	4.037600000	8.4		
T	51.128630000	4.037640000	8.5		
T	51.128670000	4.037680000	8.8		
T	51.128740000	4.037720000	9.2		
T	51.128910000	4.037740000	9.7		
T	51.129100000	4.037760000	9.1		
T	51.129220000	4.037780000	8.6		
T	51.129290000	4.037810000	8.0		
T	51.129390000	4.037880000	7.3		
T	51.129510000	4.037970000	7.0		
T	51.129880000	4.038290000	6.4		
T	51.130020000	4.038370000	5.8		
T	51.130090000	4.038410000	5.5		
T	51.130180000	4.038450000	5.2		
T	51.130220000	4.038490000	5.1		
T	51.130260000	4.038530000	5.0		
T	51.130300000	4.038590000	4.9		
T	51.130340000	4.038650000	4.7		
T	51.130500000	4.039040000	4.8		
T	51.130900000	4.039960000	4.9		
T	51.131210000	4.040660000	5.8		
T	51.131530000	4.041390000	7.5		
T	51.131930000	4.042290000	8.3		
T	51.131930000	4.042290000	8.3		
T	51.132160000	4.042820000	8.6		
T	51.132420000	4.043440000	7.9		
T	51.132560000	4.043760000	7.6		
T	51.132760000	4.044240000	8.3		
T	51.133020000	4.044850000	8.6		
T	51.133280000	4.045430000	7.5		
T	51.133490000	4.045910000	7.7		
T	51.133800000	4.046600000	7.6		
T	51.134050000	4.047170000	5.8		
T	51.134090000	4.047280000	5.6		
T	51.134100000	4.047300000	5.5		
T	51.134100000	4.047350000	5.5		
T	51.134110000	4.047450000	5.4		
T	51.134110000	4.047470000	5.4		
T	51.134120000	4.047520000	5.3		
T	51.134150000	4.047600000	5.1		
T	51.134200000	4.047710000	5.0		
T	51.134240000	4.047780000	5.0		
T	51.134290000	4.047830000	5.0		
T	51.134320000	4.047850000	5.0		
T	51.134340000	4.047890000	5.0		
T	51.134370000	4.047940000	5.0		
T	51.134600000	4.048450000	6.0		
T	51.134960000	4.049310000	6.0		
T	51.135770000	4.051140000	5.8		
T	51.136150000	4.052030000	5.8		
T	51.136700000	4.053300000	10.1		
T	51.137710000	4.055540000	13.7		
T	51.138510000	4.057420000	9.8		
T	51.139150000	4.058830000	11.7		
T	51.139770000	4.060230000	12.8		
T	51.140320000	4.061520000	13.2		
T	51.140690000	4.062370000	13.0		
T	51.140990000	4.063050000	13.6		
T	51.141290000	4.063740000	11.9		
T	51.141460000	4.064150000	11.0		
T	51.141650000	4.064580000	11.9		
T	51.142280000	4.066060000	12.4		
T	51.142920000	4.067650000	14.2		
T	51.142920000	4.067650000	14.2		
T	51.142980000	4.067640000	14.4		
T	51.143100000	4.067570000	14.7		
T	51.143180000	4.067450000	15.1		
T	51.143190000	4.067440000	15.1		
T	51.143250000	4.067330000	15.4		
T	51.143250000	4.067330000	15.4		
T	51.143290000	4.067480000	15.1		
T	51.143560000	4.068210000	13.1		
T	51.143690000	4.068450000	13.3		
T	51.143830000	4.068780000	13.4		
T	51.144250000	4.069950000	12.6		
T	51.144520000	4.070670000	11.7		
T	51.144600000	4.070880000	11.4		
T	51.144630000	4.071000000	11.1		
T	51.144660000	4.071200000	11.0		
T	51.144690000	4.071470000	11.2		
T	51.144710000	4.071580000	11.6		
T	51.144930000	4.072130000	14.2		
T	51.145240000	4.073070000	13.1		
T	51.145350000	4.073420000	11.5		
T	51.146280000	4.075910000	11.5		
T	51.147070000	4.078010000	8.4		
T	51.147340000	4.078720000	11.4		
T	51.147530000	4.079260000	12.4		
T	51.147630000	4.079530000	13.0		
T	51.148070000	4.080690000	13.9		
T	51.148490000	4.081790000	12.4		
T	51.148710000	4.082410000	11.6		
T	51.148890000	4.082900000	11.0		
T	51.149280000	4.083950000	12.4		
T	51.149280000	4.083950000	12.4		
T	51.149210000	4.083960000	12.2		
T	51.149120000	4.083960000	12.0		
T	51.149120000	4.083960000	12.0		
T	51.149130000	4.083970000	12.0		
T	51.149510000	4.085060000	13.1		
T	51.149790000	4.085800000	12.8		
T	51.150110000	4.086660000	16.0		
T	51.150320000	4.087260000	15.7		
T	51.150560000	4.087890000	14.0		
T	51.150630000	4.088070000	14.3		
T	51.150680000	4.088280000	14.9		
T	51.150680000	4.088280000	14.9		
T	51.150790000	4.088590000	15.1		
T	51.150940000	4.088920000	16.5		
T	51.151080000	4.089440000	18.0		
T	51.151130000	4.089770000	18.2		
T	51.151130000	4.089770000	18.2		
T	51.151150000	4.089760000	18.1		
T	51.151190000	4.089750000	18.1		
T	51.151230000	4.089750000	18.1		
T	51.151270000	4.089780000	18.1		
T	51.151300000	4.089840000	18.1		
T	51.151360000	4.090000000	18.1		
T	51.151430000	4.090200000	18.0		
T	51.151670000	4.090830000	17.0		
T	51.151970000	4.091650000	18.8		
T	51.152270000	4.092460000	17.8		
T	51.152660000	4.093490000	18.0		
T	51.153000000	4.094420000	16.3		
T	51.153020000	4.094470000	16.1		
T	51.153340000	4.095350000	17.3		
T	51.153830000	4.096650000	17.1		
T	51.153990000	4.097070000	17.2		
T	51.154000000	4.097120000	17.1		
T	51.154010000	4.097170000	17.1		
T	51.154010000	4.097230000	17.0		
T	51.154000000	4.097280000	17.0		
T	51.153970000	4.097350000	17.0		
T	51.153940000	4.097400000	17.0		
T	51.153890000	4.097460000	17.0		
T	51.153830000	4.097540000	17.1		
T	51.153700000	4.097700000	17.2		
T	51.153680000	4.097730000	17.2		
T	51.153660000	4.097770000	17.2		
T	51.153650000	4.097820000	17.1		
T	51.153650000	4.097850000	17.1		
T	51.153670000	4.097880000	17.2		
T	51.153700000	4.097910000	17.3		
T	51.153750000	4.097940000	17.5		
T	51.153780000	4.097980000	17.6		
T	51.153820000	4.098030000	17.8		
T	51.153840000	4.098070000	17.8		
T	51.153840000	4.098110000	17.8		
T	51.153840000	4.098110000	17.8		
T	51.154090000	4.098390000	17.9		
T	51.154360000	4.098720000	17.2		
T	51.154630000	4.099090000	16.3		
T	51.154850000	4.099470000	17.0		
T	51.155020000	4.099840000	17.0		
T	51.155170000	4.100200000	17.6		
T	51.155350000	4.100690000	17.0		
T	51.155630000	4.101430000	15.9		
T	51.155730000	4.101730000	15.4		
T	51.155760000	4.101860000	15.0		
T	51.155760000	4.101860000	15.0		
T	51.156070000	4.102640000	14.9		
T	51.156300000	4.103250000	15.0		
T	51.156540000	4.103880000	15.4		
T	51.156710000	4.104340000	14.2		
T	51.157160000	4.105540000	16.5		
T	51.157360000	4.106060000	16.5		
T	51.157620000	4.106760000	17.6		
T	51.158100000	4.108070000	15.9		
T	51.158200000	4.108340000	16.5		
T	51.158240000	4.108440000	16.3		
T	51.158360000	4.108770000	16.6		
T	51.158390000	4.108870000	16.9		
T	51.158490000	4.109160000	16.4		
T	51.158630000	4.109570000	15.0		
T	51.158680000	4.109700000	15.0		
T	51.158810000	4.110050000	15.4		
T	51.159260000	4.111260000	12.7		
T	51.159880000	4.112910000	15.8		
T	51.160310000	4.114070000	15.8		
T	51.160390000	4.114280000	16.2		
T	51.160400000	4.114320000	16.4		
T	51.160550000	4.114690000	17.9		
T	51.160600000	4.114840000	18.2		
T	51.165840000	4.129030000	15.0		
T	51.166180000	4.129920000	13.7		
T	51.166380000	4.130370000	15.3		
T	51.166390000	4.130410000	15.5		
T	51.166410000	4.130470000	15.8		
T	51.166420000	4.130500000	15.9		
T	51.166420000	4.130510000	15.9		
T	51.166420000	4.130530000	16.0		
T	51.166420000	4.130540000	16.1		
T	51.166420000	4.130550000	16.1		
T	51.166410000	4.130560000	16.1		
T	51.166400000	4.130580000	16.0		
T	51.166360000	4.130620000	16.0		
T	51.166360000	4.130620000	16.0		
T	51.166730000	4.131300000	17.0		
T	51.166910000	4.131670000	16.2		
T	51.167130000	4.132070000	15.3		
T	51.167250000	4.132310000	14.9		
T	51.167350000	4.132540000	14.7		
T	51.167410000	4.132670000	14.9		
T	51.167480000	4.132870000	15.1		
T	51.167480000	4.132870000	15.1		
T	51.167410000	4.133000000	15.3		
T	51.167310000	4.133170000	15.7		
T	51.167040000	4.133700000	16.7		
T	51.166840000	4.134050000	17.4		
T	51.166730000	4.134270000	17.8		
T	51.166660000	4.134430000	18.0		
T	51.166560000	4.134680000	18.4		
T	51.166380000	4.135150000	18.0		
T	51.166120000	4.135870000	22.4		
T	51.165990000	4.136270000	23.9		
T	51.165940000	4.136430000	23.9		
T	51.165760000	4.137020000	21.0		
T	51.165760000	4.137020000	21.0		
T	51.165750000	4.137030000	20.9		
T	51.165750000	4.137040000	20.8		
T	51.165750000	4.137050000	20.8		
T	51.165740000	4.137050000	20.7		
T	51.165740000	4.137060000	20.6		
T	51.165740000	4.137070000	20.6		
T	51.165660000	4.137080000	20.1		
T	51.165650000	4.137080000	20.0		
T	51.165630000	4.137090000	19.9		
T	51.165620000	4.137110000	19.7		
T	51.165540000	4.137200000	19.1		
T	51.165410000	4.137410000	19.5		
T	51.165210000	4.137690000	20.0		
T	51.165180000	4.137740000	20.0		
T	51.165060000	4.137920000	20.0		
T	51.164990000	4.138010000	20.0		
T	51.164900000	4.138140000	19.9		
T	51.164570000	4.138590000	20.0		
T	51.164470000	4.138740000	20.0		
T	51.164420000	4.138840000	20.1		
T	51.164360000	4.138950000	20.2		
T	51.164360000	4.138950000	20.2		
T	51.164230000	4.139190000	19.9		
T	51.164020000	4.139520000	19.8		
T	51.163960000	4.139620000	19.9		
T	51.163840000	4.139880000	19.1		
T	51.163720000	4.140110000	19.2		
T	51.163570000	4.140370000	19.7		
T	51.163370000	4.140780000	19.0		
T	51.163280000	4.140990000	18.5		
T	51.163180000	4.141230000	19.0		
T	51.163090000	4.141440000	20.1		
T	51.163090000	4.141440000	20.1		
T	51.162930000	4.141910000	21.0		
T	51.162760000	4.142340000	21.6		
T	51.162730000	4.142410000	21.4		
T	51.162490000	4.143040000	21.0		
T	51.162330000	4.143430000	20.3		
T	51.162240000	4.143650000	19.8		
T	51.162170000	4.143810000	19.4		
T	51.162120000	4.143920000	19.4		
T	51.162080000	4.143990000	19.5		
T	51.161950000	4.144310000	19.5		
T	51.161640000	4.145090000	18.1		
T	51.161460000	4.145530000	19.0		
T	51.161260000	4.146040000	20.2		
T	51.161160000	4.146280000	21.5		
T	51.160940000	4.146730000	23.4		
T	51.160700000	4.147200000	23.4		
T	51.160590000	4.147400000	23.1		
T	51.160420000	4.147690000	23.7		
T	51.160300000	4.147920000	24.5		
T	51.159980000	4.148470000	23.4		
T	51.159430000	4.149500000	23.0		
T	51.159250000	4.149820000	22.6		
T	51.159010000	4.150270000	20.9		
T	51.158670000	4.150890000	20.0		
T	51.158460000	4.151260000	22.6		
T	51.158220000	4.151660000	24.6		
T	51.158020000	4.151990000	24.2		
T	51.158010000	4.152000000	24.2		
T	51.157780000	4.152310000	24.7		
T	51.157620000	4.152510000	24.5		
T	51.157440000	4.152740000	24.1		
T	51.157280000	4.152940000	24.0		
T	51.157170000	4.153060000	24.0		
T	51.157110000	4.153130000	23.8		
T	51.156930000	4.153330000	24.1		
T	51.156740000	4.153530000	24.5		
T	51.156570000	4.153700000	25.0		
T	51.156360000	4.153900000	25.0		
T	51.156090000	4.154180000	24.6		
T	51.155980000	4.154280000	22.7		
T	51.155870000	4.154400000	20.7		
