type	latitude	longitude	altitude (m)	name	desc
W	51.062265000	3.707181000	11.0	Gebroeders de Smetstraat, Ghent	
W	50.886894900	3.423167500	15.1	Waregem	

type	latitude	longitude	altitude (m)	name	desc
T	51.062260000	3.707180000	11.0	Gebroeders de Smetstraat, Ghent - Waregem	32.9 km, 1:40
T	51.062380000	3.706940000	11.4		
T	51.062610000	3.706420000	11.0		
T	51.062740000	3.706130000	11.0		
T	51.062880000	3.705840000	10.0		
T	51.063010000	3.705650000	10.0		
T	51.063260000	3.705130000	10.0		
T	51.063260000	3.705130000	10.0		
T	51.062980000	3.704750000	9.7		
T	51.062720000	3.704460000	9.0		
T	51.062330000	3.704000000	8.8		
T	51.062300000	3.703860000	8.4		
T	51.062300000	3.703860000	8.4		
T	51.062210000	3.703980000	8.0		
T	51.062210000	3.703980000	8.0		
T	51.062150000	3.703850000	7.6		
T	51.062000000	3.703490000	6.1		
T	51.061930000	3.703320000	6.2		
T	51.061930000	3.703320000	6.2		
T	51.061870000	3.703390000	6.5		
T	51.060450000	3.704860000	8.7		
T	51.060110000	3.705220000	8.8		
T	51.059790000	3.705580000	8.1		
T	51.059490000	3.705870000	7.3		
T	51.059490000	3.705870000	7.3		
T	51.058960000	3.704520000	11.0		
T	51.058890000	3.704340000	10.6		
T	51.058890000	3.704340000	10.6		
T	51.058740000	3.703940000	10.0		
T	51.058560000	3.703490000	10.2		
T	51.058420000	3.703160000	10.1		
T	51.058370000	3.703080000	10.0		
T	51.058160000	3.702610000	8.4		
T	51.057920000	3.702180000	7.4		
T	51.057880000	3.702100000	7.4		
T	51.057880000	3.702100000	7.4		
T	51.057590000	3.701510000	7.3		
T	51.057090000	3.700400000	7.2		
T	51.057060000	3.700320000	7.2		
T	51.056900000	3.699970000	7.7		
T	51.056750000	3.699680000	7.0		
T	51.056640000	3.699330000	7.4		
T	51.056630000	3.699280000	7.5		
T	51.056590000	3.698950000	7.7		
T	51.056570000	3.698650000	7.1		
T	51.056310000	3.696120000	6.0		
T	51.056190000	3.695210000	8.1		
T	51.056200000	3.695140000	8.2		
T	51.056190000	3.695050000	8.2		
T	51.056180000	3.694940000	8.0		
T	51.056180000	3.694810000	7.4		
T	51.056130000	3.694490000	6.9		
T	51.056020000	3.693770000	6.8		
T	51.055950000	3.693240000	6.8		
T	51.055930000	3.693140000	6.5		
T	51.055820000	3.692280000	6.9		
T	51.055770000	3.691880000	7.5		
T	51.055730000	3.691620000	7.1		
T	51.055640000	3.690950000	5.7		
T	51.055590000	3.690530000	6.0		
T	51.055560000	3.690330000	6.0		
T	51.055560000	3.690270000	6.0		
T	51.055480000	3.689610000	5.4		
T	51.055190000	3.687280000	8.7		
T	51.054870000	3.684680000	5.8		
T	51.054710000	3.683580000	6.1		
T	51.054580000	3.682570000	5.2		
T	51.054380000	3.680940000	5.6		
T	51.054380000	3.680890000	5.8		
T	51.054320000	3.680440000	5.6		
T	51.054240000	3.679970000	4.3		
T	51.054230000	3.679880000	4.2		
T	51.054130000	3.679220000	3.4		
T	51.054090000	3.678980000	3.6		
T	51.054030000	3.678530000	4.0		
T	51.054000000	3.678380000	4.2		
T	51.053910000	3.677690000	4.3		
T	51.053900000	3.677660000	4.4		
T	51.053810000	3.676910000	5.8		
T	51.053780000	3.676620000	6.7		
T	51.053780000	3.676620000	6.7		
T	51.053640000	3.675590000	7.9		
T	51.053350000	3.673330000	5.0		
T	51.053340000	3.673220000	4.6		
T	51.053310000	3.673060000	4.1		
T	51.053300000	3.672980000	4.1		
T	51.053300000	3.672960000	4.1		
T	51.053290000	3.672900000	4.2		
T	51.053280000	3.672850000	4.2		
T	51.053270000	3.672770000	4.2		
T	51.053160000	3.671960000	6.2		
T	51.053140000	3.671790000	6.9		
T	51.053140000	3.671760000	7.1		
T	51.053120000	3.671650000	7.6		
T	51.053110000	3.671580000	7.9		
T	51.053110000	3.671560000	8.0		
T	51.053090000	3.671450000	8.5		
T	51.053070000	3.671270000	8.9		
T	51.053060000	3.671130000	9.0		
T	51.052970000	3.670320000	8.7		
T	51.052970000	3.670210000	8.7		
T	51.052960000	3.670040000	8.7		
T	51.052960000	3.669870000	9.1		
T	51.052960000	3.669690000	9.7		
T	51.052970000	3.669440000	9.7		
T	51.053000000	3.669000000	7.4		
T	51.053090000	3.668340000	5.1		
T	51.053110000	3.668220000	5.2		
T	51.053160000	3.667980000	5.4		
T	51.053250000	3.667640000	5.4		
T	51.053290000	3.667500000	5.0		
T	51.053350000	3.667300000	5.0		
T	51.053490000	3.666980000	5.5		
T	51.053710000	3.666310000	5.6		
T	51.053780000	3.666070000	5.2		
T	51.053910000	3.665610000	4.1		
T	51.054070000	3.665010000	6.0		
T	51.054120000	3.664730000	7.1		
T	51.054160000	3.664410000	7.2		
T	51.054250000	3.663630000	6.4		
T	51.054260000	3.663100000	6.2		
T	51.054250000	3.662480000	8.1		
T	51.054240000	3.661920000	8.0		
T	51.054270000	3.661920000	8.0		
T	51.054290000	3.661900000	8.0		
T	51.054320000	3.661880000	8.0		
T	51.054340000	3.661870000	8.0		
T	51.054360000	3.661850000	8.0		
T	51.054380000	3.661830000	8.0		
T	51.054400000	3.661790000	8.0		
T	51.054410000	3.661770000	8.0		
T	51.054420000	3.661740000	8.0		
T	51.054430000	3.661700000	8.0		
T	51.054440000	3.661670000	8.0		
T	51.054440000	3.661630000	7.9		
T	51.054450000	3.661580000	7.7		
T	51.054440000	3.661530000	7.5		
T	51.054440000	3.661480000	7.3		
T	51.054430000	3.661440000	7.2		
T	51.054420000	3.661400000	7.0		
T	51.054400000	3.661360000	6.9		
T	51.054380000	3.661310000	6.7		
T	51.054360000	3.661290000	6.6		
T	51.054330000	3.661260000	6.5		
T	51.054300000	3.661230000	6.4		
T	51.054270000	3.661220000	6.4		
T	51.054240000	3.661220000	6.4		
T	51.054220000	3.661230000	6.4		
T	51.054090000	3.660460000	7.2		
T	51.054050000	3.660260000	8.1		
T	51.053920000	3.659770000	8.9		
T	51.053820000	3.659430000	8.9		
T	51.053750000	3.659210000	8.2		
T	51.053630000	3.658870000	7.9		
T	51.053530000	3.658610000	6.7		
T	51.053470000	3.658480000	6.0		
T	51.053300000	3.658100000	5.7		
T	51.053160000	3.657820000	5.4		
T	51.053010000	3.657560000	5.7		
T	51.052820000	3.657240000	5.2		
T	51.052670000	3.657010000	6.6		
T	51.052320000	3.656530000	7.5		
T	51.052210000	3.656360000	7.0		
T	51.052120000	3.656240000	6.8		
T	51.051570000	3.655510000	5.5		
T	51.051420000	3.655320000	5.1		
T	51.051340000	3.655230000	5.0		
T	51.051240000	3.655080000	5.2		
T	51.048250000	3.651240000	10.9		
T	51.048170000	3.651130000	11.0		
T	51.048160000	3.651120000	11.0		
T	51.047970000	3.650860000	9.2		
T	51.047950000	3.650820000	8.9		
T	51.047890000	3.650750000	8.6		
T	51.047760000	3.650580000	8.1		
T	51.046610000	3.649120000	6.8		
T	51.046450000	3.648920000	6.2		
T	51.045680000	3.647930000	6.4		
T	51.044440000	3.646410000	8.0		
T	51.044280000	3.646190000	8.0		
T	51.043990000	3.645800000	9.3		
T	51.043870000	3.645630000	10.0		
T	51.043210000	3.644560000	5.0		
T	51.042910000	3.644030000	7.5		
T	51.042890000	3.643990000	7.6		
T	51.042800000	3.643790000	8.4		
T	51.042630000	3.643440000	9.0		
T	51.042400000	3.642960000	7.6		
T	51.042160000	3.642370000	6.6		
T	51.042070000	3.642150000	6.0		
T	51.041920000	3.641770000	6.6		
T	51.041710000	3.641170000	7.0		
T	51.041590000	3.640790000	6.7		
T	51.040980000	3.638850000	8.0		
T	51.040910000	3.638690000	7.0		
T	51.040760000	3.638200000	6.0		
T	51.039030000	3.633580000	9.0		
T	51.038850000	3.633090000	8.8		
T	51.038740000	3.632760000	8.5		
T	51.038650000	3.632550000	8.7		
T	51.038500000	3.632090000	8.5		
T	51.038360000	3.631550000	7.6		
T	51.038310000	3.631190000	6.3		
T	51.038280000	3.630900000	6.8		
T	51.038240000	3.630450000	6.9		
T	51.038290000	3.629660000	6.0		
T	51.038290000	3.629460000	6.0		
T	51.038320000	3.629300000	6.5		
T	51.038470000	3.628640000	7.9		
T	51.038570000	3.628140000	8.7		
T	51.038600000	3.628030000	9.1		
T	51.038760000	3.627350000	8.7		
T	51.038960000	3.626380000	8.3		
T	51.039070000	3.625880000	9.5		
T	51.039220000	3.625250000	11.0		
T	51.039370000	3.624540000	11.0		
T	51.039410000	3.624140000	12.0		
T	51.039400000	3.624000000	12.0		
T	51.039360000	3.623770000	11.8		
T	51.039310000	3.623530000	12.0		
T	51.039230000	3.623280000	12.5		
T	51.039110000	3.623020000	12.8		
T	51.039040000	3.622900000	12.5		
T	51.038940000	3.622760000	12.2		
T	51.038870000	3.622660000	12.5		
T	51.038860000	3.622650000	12.5		
T	51.038780000	3.622540000	13.2		
T	51.038730000	3.622480000	13.6		
T	51.038680000	3.622410000	14.0		
T	51.038560000	3.622250000	14.7		
T	51.037970000	3.621450000	12.6		
T	51.037760000	3.621180000	11.1		
T	51.037250000	3.620420000	11.4		
T	51.037220000	3.620320000	11.2		
T	51.037210000	3.620210000	10.8		
T	51.037170000	3.619590000	9.2		
T	51.037120000	3.618710000	10.0		
T	51.037110000	3.618610000	10.4		
T	51.037110000	3.618510000	10.8		
T	51.037090000	3.618380000	11.3		
T	51.037050000	3.618170000	11.3		
T	51.037010000	3.617990000	11.0		
T	51.036970000	3.617840000	11.0		
T	51.036940000	3.617710000	10.8		
T	51.036890000	3.617540000	10.3		
T	51.036660000	3.616810000	10.0		
T	51.036650000	3.616770000	10.1		
T	51.036290000	3.615530000	8.4		
T	51.036210000	3.615290000	8.6		
T	51.035680000	3.613770000	7.8		
T	51.035570000	3.613400000	7.1		
T	51.035290000	3.612350000	6.0		
T	51.035070000	3.611470000	6.6		
T	51.034810000	3.610610000	4.9		
T	51.034080000	3.608370000	5.6		
T	51.033870000	3.607800000	8.1		
T	51.033850000	3.607570000	8.9		
T	51.033800000	3.607400000	9.6		
T	51.033680000	3.607030000	10.5		
T	51.033580000	3.606750000	11.0		
T	51.033490000	3.606550000	10.8		
T	51.033370000	3.606340000	10.1		
T	51.033200000	3.606090000	9.9		
T	51.033010000	3.605880000	9.3		
T	51.032660000	3.605560000	10.0		
T	51.032320000	3.605350000	10.9		
T	51.032020000	3.605190000	10.3		
T	51.031890000	3.605130000	10.3		
T	51.031520000	3.604970000	10.4		
T	51.031400000	3.604940000	9.8		
T	51.030990000	3.604700000	9.0		
T	51.029330000	3.603840000	6.0		
T	51.028860000	3.603620000	4.3		
T	51.028630000	3.603530000	6.8		
T	51.028540000	3.603500000	7.5		
T	51.027500000	3.603080000	7.3		
T	51.027210000	3.603010000	6.9		
T	51.025330000	3.602590000	8.4		
T	51.025210000	3.602530000	8.9		
T	51.025080000	3.602430000	9.0		
T	51.024330000	3.601800000	6.8		
T	51.024140000	3.601620000	6.1		
T	51.023750000	3.601170000	8.5		
T	51.023720000	3.601140000	8.6		
T	51.023670000	3.601060000	8.7		
T	51.023140000	3.600250000	7.3		
T	51.022920000	3.599900000	7.8		
T	51.022420000	3.599160000	8.7		
T	51.022150000	3.598750000	7.9		
T	51.021540000	3.597750000	7.0		
T	51.021500000	3.597690000	7.0		
T	51.021420000	3.597570000	7.0		
T	51.020220000	3.595980000	7.5		
T	51.019400000	3.594860000	14.8		
T	51.019020000	3.594340000	14.2		
T	51.018800000	3.594040000	12.7		
T	51.018370000	3.593460000	11.0		
T	51.018050000	3.593020000	8.9		
T	51.017850000	3.592730000	8.7		
T	51.017730000	3.592530000	9.0		
T	51.017610000	3.592300000	9.0		
T	51.017050000	3.591090000	9.3		
T	51.016470000	3.589840000	9.9		
T	51.016170000	3.589220000	11.7		
T	51.015690000	3.588270000	11.2		
T	51.015120000	3.587200000	10.0		
T	51.015010000	3.586970000	10.0		
T	51.014960000	3.586820000	9.9		
T	51.014830000	3.586570000	9.0		
T	51.014560000	3.586170000	8.6		
T	51.013940000	3.585080000	10.0		
T	51.013650000	3.584600000	10.1		
T	51.013510000	3.584380000	9.6		
T	51.013510000	3.584370000	9.6		
T	51.013520000	3.584360000	9.7		
T	51.013520000	3.584350000	9.7		
T	51.013520000	3.584340000	9.7		
T	51.013520000	3.584330000	9.7		
T	51.013520000	3.584320000	9.7		
T	51.013520000	3.584310000	9.7		
T	51.013520000	3.584300000	9.7		
T	51.013520000	3.584290000	9.7		
T	51.013520000	3.584280000	9.7		
T	51.013520000	3.584270000	9.7		
T	51.013520000	3.584260000	9.7		
T	51.013520000	3.584250000	9.7		
T	51.013520000	3.584240000	9.7		
T	51.013510000	3.584230000	9.6		
T	51.013510000	3.584220000	9.6		
T	51.013510000	3.584210000	9.6		
T	51.013510000	3.584200000	9.6		
T	51.013500000	3.584200000	9.6		
T	51.013500000	3.584190000	9.6		
T	51.013500000	3.584180000	9.6		
T	51.013490000	3.584180000	9.6		
T	51.013490000	3.584170000	9.6		
T	51.013480000	3.584170000	9.5		
T	51.013480000	3.584160000	9.5		
T	51.013470000	3.584150000	9.5		
T	51.013460000	3.584140000	9.5		
T	51.013450000	3.584140000	9.4		
T	51.013450000	3.584130000	9.4		
T	51.013440000	3.584130000	9.4		
T	51.013430000	3.584130000	9.3		
T	51.013420000	3.584130000	9.3		
T	51.013410000	3.584130000	9.3		
T	51.013400000	3.584130000	9.2		
T	51.013390000	3.584130000	9.2		
T	51.013170000	3.583780000	9.4		
T	51.012800000	3.583210000	10.1		
T	51.012710000	3.583090000	9.7		
T	51.012630000	3.582950000	9.5		
T	51.012580000	3.582850000	9.3		
T	51.012420000	3.582530000	8.7		
T	51.012320000	3.582340000	8.4		
T	51.012080000	3.581850000	8.5		
T	51.010790000	3.578440000	9.8		
T	51.010460000	3.577550000	9.3		
T	51.010420000	3.577440000	9.5		
T	51.010240000	3.576950000	11.0		
T	51.010000000	3.576400000	10.0		
T	51.009650000	3.575800000	10.0		
T	51.009500000	3.575590000	10.0		
T	51.009040000	3.575070000	9.5		
T	51.008770000	3.574750000	9.0		
T	51.007640000	3.573470000	9.0		
T	51.007160000	3.572780000	7.0		
T	51.007130000	3.572740000	6.9		
T	51.006960000	3.572430000	6.0		
T	51.006910000	3.572330000	6.1		
T	51.006640000	3.571800000	8.0		
T	51.006520000	3.571500000	8.6		
T	51.006430000	3.571230000	9.6		
T	51.006290000	3.570770000	9.6		
T	51.005970000	3.569700000	11.0		
T	51.005560000	3.568290000	9.0		
T	51.005550000	3.568240000	9.0		
T	51.005020000	3.566350000	7.1		
T	51.004750000	3.565390000	8.2		
T	51.004330000	3.563740000	8.1		
T	51.003670000	3.561020000	9.1		
T	51.002980000	3.558120000	9.8		
T	51.002950000	3.558020000	10.0		
T	51.002230000	3.555020000	11.0		
T	51.002130000	3.554580000	11.3		
T	51.002020000	3.554220000	10.9		
T	51.000820000	3.550110000	10.0		
T	51.000750000	3.549910000	10.3		
T	51.000670000	3.549740000	10.6		
T	51.000600000	3.549600000	10.8		
T	51.000540000	3.549490000	11.0		
T	51.000540000	3.549490000	11.0		
T	51.000560000	3.549440000	11.0		
T	51.000570000	3.549420000	10.9		
T	51.000580000	3.549410000	10.9		
T	51.000600000	3.549390000	10.8		
T	51.000610000	3.549380000	10.8		
T	51.000670000	3.549350000	10.6		
T	51.000670000	3.549350000	10.6		
T	51.000670000	3.549150000	10.6		
T	51.000670000	3.548950000	10.6		
T	51.000660000	3.548790000	10.3		
T	51.000640000	3.548650000	9.8		
T	51.000630000	3.548570000	9.7		
T	51.000610000	3.548470000	9.8		
T	51.000540000	3.548250000	10.0		
T	51.000510000	3.548160000	10.1		
T	51.000480000	3.548070000	10.0		
T	51.000090000	3.546870000	10.0		
T	50.999420000	3.544900000	10.4		
T	50.999060000	3.543830000	10.4		
T	50.997530000	3.539360000	11.7		
T	50.997350000	3.538750000	11.3		
T	50.997260000	3.538350000	11.7		
T	50.997200000	3.538030000	11.1		
T	50.997190000	3.537870000	11.0		
T	50.997180000	3.537760000	10.9		
T	50.997200000	3.537540000	10.1		
T	50.997280000	3.536770000	7.3		
T	50.997350000	3.536220000	6.5		
T	50.997380000	3.536160000	6.4		
T	50.997710000	3.535450000	3.3		
T	50.997710000	3.535450000	3.3		
T	50.997700000	3.535440000	3.3		
T	50.996130000	3.533450000	6.0		
T	50.995640000	3.532830000	5.4		
T	50.994360000	3.531200000	2.7		
T	50.992970000	3.529470000	3.9		
T	50.991290000	3.527380000	5.0		
T	50.989810000	3.525630000	6.0		
T	50.989570000	3.525380000	5.9		
T	50.989180000	3.524890000	6.0		
T	50.989060000	3.524760000	6.0		
T	50.989050000	3.524750000	6.0		
T	50.988950000	3.524640000	6.0		
T	50.988300000	3.523930000	5.2		
T	50.988300000	3.523930000	5.2		
T	50.988390000	3.524330000	5.6		
T	50.988400000	3.524400000	5.8		
T	50.988430000	3.524550000	6.0		
T	50.988470000	3.524700000	6.0		
T	50.988520000	3.524820000	6.1		
T	50.988560000	3.524890000	6.1		
T	50.988610000	3.524930000	6.0		
T	50.988700000	3.524990000	6.0		
T	50.988780000	3.524990000	6.0		
T	50.988850000	3.524950000	6.0		
T	50.988920000	3.524910000	6.0		
T	50.989000000	3.524830000	6.0		
T	50.989050000	3.524780000	6.0		
T	50.989060000	3.524760000	6.0		
T	50.989100000	3.524710000	6.0		
T	50.989150000	3.524620000	6.0		
T	50.989220000	3.524520000	6.0		
T	50.989270000	3.524410000	6.2		
T	50.989330000	3.524290000	7.1		
T	50.989390000	3.524120000	8.3		
T	50.989420000	3.524020000	9.0		
T	50.989440000	3.523900000	9.9		
T	50.989450000	3.523860000	10.0		
T	50.989470000	3.523700000	9.9		
T	50.989470000	3.523680000	9.9		
T	50.989470000	3.523570000	9.9		
T	50.989450000	3.523420000	10.0		
T	50.989410000	3.523310000	9.7		
T	50.989370000	3.523210000	9.0		
T	50.989330000	3.523120000	8.4		
T	50.989260000	3.523040000	7.7		
T	50.989210000	3.522990000	7.3		
T	50.989140000	3.522950000	6.9		
T	50.989100000	3.522920000	6.8		
T	50.989060000	3.522900000	6.6		
T	50.988950000	3.522850000	6.2		
T	50.988800000	3.522840000	6.6		
T	50.988690000	3.522830000	7.4		
T	50.988630000	3.522840000	7.9		
T	50.988530000	3.522850000	8.6		
T	50.988530000	3.522850000	8.6		
T	50.988200000	3.522480000	9.0		
T	50.987340000	3.521530000	7.2		
T	50.986990000	3.521100000	7.8		
T	50.986920000	3.521010000	7.5		
T	50.986810000	3.520890000	6.7		
T	50.986710000	3.520780000	6.0		
T	50.986560000	3.520610000	5.6		
T	50.985860000	3.519720000	12.0		
T	50.985410000	3.519140000	8.9		
T	50.985180000	3.518850000	7.6		
T	50.983940000	3.517290000	1.8		
T	50.983800000	3.517090000	2.1		
T	50.983690000	3.516920000	3.0		
T	50.983540000	3.516660000	3.7		
T	50.983430000	3.516440000	3.6		
T	50.983280000	3.516110000	2.2		
T	50.983130000	3.515710000	1.7		
T	50.982980000	3.515270000	3.3		
T	50.982850000	3.514780000	3.2		
T	50.982750000	3.514330000	1.5		
T	50.982630000	3.513680000	1.2		
T	50.982420000	3.512930000	4.3		
T	50.982230000	3.512490000	4.0		
T	50.981990000	3.512100000	3.7		
T	50.981620000	3.511580000	2.9		
T	50.981330000	3.511260000	5.2		
T	50.981220000	3.511150000	5.6		
T	50.980860000	3.510880000	6.7		
T	50.980600000	3.510740000	6.8		
T	50.980360000	3.510610000	6.2		
T	50.980200000	3.510500000	5.8		
T	50.979910000	3.510200000	5.5		
T	50.979780000	3.510030000	4.6		
T	50.979570000	3.509670000	6.2		
T	50.979220000	3.508860000	7.7		
T	50.978930000	3.508170000	5.4		
T	50.978590000	3.507290000	5.2		
T	50.976890000	3.503320000	5.3		
T	50.976770000	3.503060000	2.8		
T	50.976630000	3.502770000	2.3		
T	50.976630000	3.502770000	2.3		
T	50.976590000	3.502750000	2.7		
T	50.976570000	3.502740000	2.8		
T	50.976540000	3.502720000	3.1		
T	50.976330000	3.502260000	5.2		
T	50.976230000	3.502020000	6.3		
T	50.976180000	3.501660000	7.0		
T	50.975970000	3.501150000	4.1		
T	50.975700000	3.500530000	5.1		
T	50.975430000	3.499880000	5.8		
T	50.975270000	3.499550000	6.0		
T	50.974970000	3.498820000	7.6		
T	50.974580000	3.497960000	6.2		
T	50.973840000	3.496230000	6.4		
T	50.971190000	3.489990000	7.7		
T	50.970700000	3.488930000	6.0		
T	50.969920000	3.487210000	6.0		
T	50.968910000	3.485200000	6.1		
T	50.968610000	3.484600000	7.0		
T	50.968220000	3.483910000	6.5		
T	50.967940000	3.483400000	6.8		
T	50.967640000	3.482860000	6.1		
T	50.966730000	3.481260000	7.6		
T	50.966240000	3.480370000	8.2		
T	50.965190000	3.478560000	11.2		
T	50.965150000	3.478450000	11.2		
T	50.965150000	3.478430000	11.2		
T	50.965110000	3.478330000	11.4		
T	50.965120000	3.478220000	10.6		
T	50.965130000	3.478100000	9.8		
T	50.965220000	3.477840000	8.2		
T	50.965250000	3.477630000	7.4		
T	50.965250000	3.477400000	6.6		
T	50.965240000	3.477300000	6.2		
T	50.965170000	3.477040000	6.4		
T	50.965150000	3.477000000	6.4		
T	50.965100000	3.476910000	6.4		
T	50.965030000	3.476830000	6.1		
T	50.964940000	3.476730000	6.0		
T	50.964730000	3.476640000	5.9		
T	50.964260000	3.476550000	5.4		
T	50.964080000	3.476440000	4.8		
T	50.963910000	3.476290000	4.0		
T	50.963710000	3.475970000	4.2		
T	50.961780000	3.472540000	6.0		
T	50.960860000	3.470910000	7.8		
T	50.960860000	3.470910000	7.8		
T	50.959350000	3.468240000	3.6		
T	50.959100000	3.467800000	4.2		
T	50.958380000	3.466530000	4.4		
T	50.958010000	3.465920000	5.7		
T	50.957360000	3.464930000	4.8		
T	50.956780000	3.464090000	4.8		
T	50.956260000	3.463390000	4.9		
T	50.956010000	3.463100000	5.1		
T	50.955460000	3.462400000	2.8		
T	50.954140000	3.460890000	4.0		
T	50.953400000	3.460100000	3.9		
T	50.952730000	3.459440000	5.2		
T	50.951560000	3.458360000	9.9		
T	50.951550000	3.458360000	9.9		
T	50.949030000	3.456070000	3.9		
T	50.948620000	3.455710000	4.0		
T	50.948200000	3.455330000	2.6		
T	50.947980000	3.455120000	2.4		
T	50.944620000	3.452080000	6.2		
T	50.944060000	3.451560000	7.6		
T	50.943900000	3.451400000	6.1		
T	50.943830000	3.451330000	5.6		
T	50.943750000	3.451250000	5.0		
T	50.943720000	3.451220000	4.8		
T	50.943620000	3.451130000	4.1		
T	50.943570000	3.451070000	4.0		
T	50.943290000	3.450810000	3.0		
T	50.942990000	3.450530000	3.4		
T	50.942950000	3.450490000	3.8		
T	50.942750000	3.450310000	5.0		
T	50.942470000	3.450020000	5.9		
T	50.942420000	3.449980000	5.6		
T	50.942300000	3.449850000	4.7		
T	50.942130000	3.449700000	4.0		
T	50.941940000	3.449500000	4.0		
T	50.941470000	3.449030000	4.0		
T	50.941090000	3.448650000	4.1		
T	50.940710000	3.448270000	4.3		
T	50.940350000	3.447900000	3.9		
T	50.940010000	3.447560000	4.0		
T	50.939810000	3.447360000	3.0		
T	50.939270000	3.446830000	1.6		
T	50.938690000	3.446260000	2.3		
T	50.938170000	3.445740000	3.7		
T	50.937730000	3.445290000	4.8		
T	50.936960000	3.444530000	5.9		
T	50.936860000	3.444430000	5.9		
T	50.936760000	3.444330000	5.6		
T	50.935220000	3.442770000	8.4		
T	50.933480000	3.441050000	8.2		
T	50.932650000	3.440240000	10.1		
T	50.931470000	3.439040000	7.2		
T	50.931170000	3.438730000	6.7		
T	50.931170000	3.438730000	6.7		
T	50.930460000	3.436710000	10.4		
T	50.930420000	3.436600000	10.0		
T	50.930420000	3.436600000	10.0		
T	50.930380000	3.436660000	10.6		
T	50.930200000	3.436850000	11.7		
T	50.929900000	3.437200000	13.0		
T	50.929800000	3.437320000	12.0		
T	50.929610000	3.437540000	9.4		
T	50.929570000	3.437590000	8.5		
T	50.929180000	3.438070000	5.9		
T	50.929120000	3.438140000	6.4		
T	50.928960000	3.438320000	8.9		
T	50.928850000	3.438460000	10.4		
T	50.928570000	3.438770000	12.9		
T	50.928450000	3.438890000	12.4		
T	50.928370000	3.439000000	12.1		
T	50.928370000	3.439000000	12.1		
T	50.927770000	3.437630000	8.4		
T	50.927660000	3.437350000	7.3		
T	50.927460000	3.436820000	6.3		
T	50.924580000	3.433920000	7.0		
T	50.924250000	3.433600000	4.3		
T	50.923990000	3.433340000	4.6		
T	50.923150000	3.432490000	4.6		
T	50.922410000	3.431640000	6.1		
T	50.922020000	3.431300000	10.5		
T	50.921840000	3.431200000	12.4		
T	50.921720000	3.431140000	13.5		
T	50.921350000	3.431030000	7.6		
T	50.921080000	3.430970000	4.7		
T	50.920360000	3.430920000	4.5		
T	50.920270000	3.430920000	3.9		
T	50.920220000	3.430920000	3.6		
T	50.919980000	3.430940000	2.7		
T	50.919940000	3.430940000	3.1		
T	50.919870000	3.430950000	3.9		
T	50.919800000	3.430960000	4.7		
T	50.919620000	3.430980000	6.7		
T	50.919260000	3.431020000	9.6		
T	50.919140000	3.431030000	9.8		
T	50.918830000	3.431060000	7.4		
T	50.918360000	3.431080000	5.0		
T	50.918230000	3.431080000	4.7		
T	50.918090000	3.431080000	4.2		
T	50.917900000	3.431080000	4.1		
T	50.917570000	3.431040000	3.3		
T	50.917450000	3.431020000	2.9		
T	50.917270000	3.431000000	2.3		
T	50.917170000	3.430980000	2.2		
T	50.917070000	3.430950000	2.4		
T	50.916950000	3.430920000	2.6		
T	50.916910000	3.430910000	2.8		
T	50.916880000	3.430920000	3.1		
T	50.916860000	3.430920000	3.2		
T	50.916840000	3.430930000	3.4		
T	50.916770000	3.431000000	4.5		
T	50.916610000	3.431180000	5.8		
T	50.915730000	3.432080000	6.7		
T	50.915670000	3.432130000	6.7		
T	50.915590000	3.432230000	6.8		
T	50.915550000	3.432260000	6.9		
T	50.915510000	3.432300000	6.8		
T	50.915290000	3.432520000	7.0		
T	50.915060000	3.432790000	7.7		
T	50.915020000	3.432830000	7.7		
T	50.914990000	3.432860000	7.8		
T	50.914960000	3.432880000	7.8		
T	50.914890000	3.432910000	8.1		
T	50.914890000	3.432910000	8.1		
T	50.914220000	3.431840000	7.6		
T	50.913220000	3.430230000	8.2		
T	50.912630000	3.429300000	4.2		
T	50.912430000	3.428960000	3.3		
T	50.912260000	3.428650000	3.7		
T	50.912120000	3.428410000	4.7		
T	50.911960000	3.428110000	4.3		
T	50.911690000	3.427580000	3.1		
T	50.911330000	3.426870000	9.1		
T	50.911050000	3.426290000	9.2		
T	50.910740000	3.425660000	8.5		
T	50.910630000	3.425440000	9.7		
T	50.910520000	3.425210000	11.1		
T	50.910160000	3.424450000	6.3		
T	50.910100000	3.424320000	6.5		
T	50.909920000	3.423990000	7.6		
T	50.909830000	3.423790000	8.4		
T	50.909670000	3.423460000	8.8		
T	50.909330000	3.422740000	8.1		
T	50.908970000	3.421970000	9.7		
T	50.908650000	3.421290000	9.6		
T	50.908550000	3.421060000	9.0		
T	50.907830000	3.419510000	10.2		
T	50.906820000	3.417340000	8.0		
T	50.906500000	3.416650000	8.4		
T	50.905760000	3.415050000	8.7		
T	50.904980000	3.413370000	7.0		
T	50.904880000	3.413150000	5.7		
T	50.904680000	3.412720000	4.7		
T	50.904670000	3.412710000	4.8		
T	50.904330000	3.411960000	8.9		
T	50.904020000	3.411280000	8.5		
T	50.903940000	3.411110000	8.8		
T	50.903690000	3.410540000	8.7		
T	50.903440000	3.410000000	8.6		
T	50.903440000	3.410000000	8.6		
T	50.903110000	3.410500000	10.8		
T	50.903080000	3.410560000	11.0		
T	50.902860000	3.410970000	11.0		
T	50.902100000	3.412720000	8.4		
T	50.901920000	3.413090000	8.2		
T	50.901820000	3.413310000	9.4		
T	50.901640000	3.413760000	9.7		
T	50.901590000	3.413870000	9.6		
T	50.901490000	3.414080000	9.8		
T	50.901350000	3.414330000	8.8		
T	50.901210000	3.414560000	7.7		
T	50.901070000	3.414790000	7.1		
T	50.900960000	3.414960000	7.2		
T	50.900690000	3.415320000	9.5		
T	50.900330000	3.415780000	10.0		
T	50.899600000	3.416630000	9.4		
T	50.899540000	3.416690000	9.7		
T	50.899160000	3.417190000	11.9		
T	50.898870000	3.417620000	13.0		
T	50.898660000	3.417980000	12.3		
T	50.898430000	3.418410000	11.0		
T	50.898210000	3.418930000	10.6		
T	50.898140000	3.419090000	10.3		
T	50.898020000	3.419370000	10.7		
T	50.897940000	3.419620000	11.3		
T	50.897810000	3.419960000	12.7		
T	50.897350000	3.421150000	8.0		
T	50.897190000	3.421560000	7.5		
T	50.896930000	3.422050000	9.1		
T	50.896660000	3.422480000	9.1		
T	50.896540000	3.422670000	8.8		
T	50.895890000	3.423460000	8.9		
T	50.895400000	3.423920000	12.6		
T	50.894040000	3.425270000	11.0		
T	50.893730000	3.425540000	10.6		
T	50.893570000	3.425700000	11.3		
T	50.893430000	3.425830000	12.3		
T	50.893340000	3.425920000	12.6		
T	50.893110000	3.426130000	14.4		
T	50.892860000	3.426370000	15.7		
T	50.892730000	3.426520000	15.6		
T	50.892730000	3.426520000	15.6		
T	50.892670000	3.426370000	16.0		
T	50.892640000	3.426310000	16.0		
T	50.892600000	3.426220000	16.0		
T	50.892550000	3.426130000	16.0		
T	50.892500000	3.426050000	15.8		
T	50.892440000	3.425950000	15.6		
T	50.892370000	3.425860000	15.6		
T	50.892250000	3.425720000	15.9		
T	50.892110000	3.425540000	16.4		
T	50.891920000	3.425280000	17.9		
T	50.891850000	3.425190000	17.7		
T	50.891710000	3.424970000	17.0		
T	50.891570000	3.424760000	16.1		
T	50.891480000	3.424630000	16.0		
T	50.891270000	3.424270000	15.2		
T	50.891050000	3.423880000	15.0		
T	50.891020000	3.423820000	15.2		
T	50.890830000	3.423470000	16.0		
T	50.890620000	3.423100000	15.0		
T	50.890580000	3.423010000	15.0		
T	50.890500000	3.422840000	15.0		
T	50.890360000	3.422550000	14.8		
T	50.890300000	3.422410000	14.9		
T	50.890260000	3.422340000	15.1		
T	50.890240000	3.422310000	15.1		
T	50.890210000	3.422280000	15.2		
T	50.890180000	3.422250000	15.4		
T	50.890150000	3.422220000	15.5		
T	50.890120000	3.422210000	15.6		
T	50.890060000	3.422210000	15.8		
T	50.890060000	3.422210000	15.8		
T	50.890030000	3.422250000	15.9		
T	50.888600000	3.422370000	15.5		
T	50.887450000	3.422970000	16.3		
T	50.886950000	3.423250000	15.0		
T	50.886950000	3.423250000	15.0		
T	50.886930000	3.423150000	15.0		
